-125.143 13.5536 839.139
-124.93 13.7773 839.103
-125.068 13.7581 839.207
-125.06 13.9776 838.836
-125.878 13.1464 839.531
-125.649 13.4281 838.926
-125.406 14.7839 838.159
-125.88 14.0103 838.85
-125.405 14.4353 838.294
-125.473 14.3543 838.489
-125.292 14.4771 838.328
-125.557 13.6204 839.018
-125.811 14.5924 838.623
-125.805 13.8198 839.074
-126.189 13.6187 839.009
-126.023 13.4143 838.654
-125.893 13.439 838.68
-126.269 14.0154 838.948
-126.434 13.9547 839.079
-126.504 13.9898 838.219
-126.449 14.0754 838.468
-125.985 13.8191 837.875
-126.308 14.0961 838.252
-126.214 14.5318 838.442
-126.204 13.8986 838.223
-126.37 14.0703 838.63
-126.173 13.8843 837.785
-125.863 14.3837 837.682
-125.973 14.4156 838.322
-126.155 14.4287 838.292
-126.771 13.0177 839.142
-126.566 12.5179 838.533
-126.836 12.9814 838.538
-126.736 12.6979 839.538
-126.698 12.7483 839.36
-126.008 14.6729 837.953
-126.297 14.8448 838.791
-126.164 12.7793 838.67
-126.059 13.8499 838.22
-126.412 13.7509 838.548
-126.26 14.3192 838.501
-126.341 14.0395 839.094
-126.367 14.8522 838.391
-125.914 14.4094 837.975
-126.17 14.8554 838.508
-126.175 15.0146 838.249
-126.17 13.8286 838.313
-126.32 13.7712 838.261
-126.226 14.8773 837.89
-126.315 14.8051 838.111
-126.425 14.5282 838.178
-126.283 14.2276 838.057
-126.528 14.1727 838.034
-126.333 14.291 837.918
-126.517 13.841 838.814
-126.595 14.1214 839.061
-126.531 14.5993 839.094
-126.15 14.6448 838.292
-126.272 14.1462 838.578
-126.144 14.9317 837.973
-126.066 14.5664 838.353
-126.69 13.4312 838.286
-126.451 14.1876 838.155
-126.612 13.91 838.818
-126.426 14.3873 838.034
-126.413 14.7205 838.089
-126.627 13.5351 838.683
-126.453 14.9044 838.864
-126.233 15.0831 838.144
-126.23 15.2405 837.998
-126.476 13.8417 839.105
-126.858 14.0787 839.557
-126.361 14.6602 838.139
-126.246 15.0815 838.029
-126.323 14.9178 837.952
-126.678 13.9539 838.929
-126.762 13.934 838.778
-126.341 14.5591 837.888
-126.969 14.8289 839.141
-126.414 15.0347 838.657
-126.651 13.6366 838.628
-126.334 13.7499 838.439
-126.144 15.4193 838.473
-126.398 15.6096 838.36
-126.55 15.3778 838.244
-126.57 15.2348 838.047
-126.672 15.2566 838.119
-126.713 14.8433 838.112
-126.75 15.2678 838.507
-127.061 15.2626 838.714
-126.885 14.6635 838.371
-126.863 14.5554 838.139
-126.76 14.6534 838.307
-126.586 15.2873 838.066
-126.634 14.4302 838.439
-126.748 14.1152 838.407
-127.022 14.4607 838.765
-126.578 15.0066 838.149
-126.526 15.064 837.983
-126.261 14.9383 837.733
-97.6937 24.1362 826.411
-98.0019 23.976 826.931
-97.8766 24.1704 826.138
-97.6974 23.8768 826.711
-98.0583 23.7601 827.311
-97.7913 24.2471 827.153
-97.5051 24.3246 826.752
-97.8392 24.3135 826.741
-97.5331 23.9203 826.329
-97.8522 23.925 827.185
-97.8137 24.3607 826.496
-98.2239 24.1789 827.194
-98.3443 24.426 826.698
-98.2651 24.8555 826.378
-98.7587 23.6796 827.418
-98.5353 24.0906 827.587
-98.2383 25.114 827.17
-98.0639 24.9367 826.307
-97.9649 23.9926 826.141
-97.8186 23.8335 825.736
-98.5564 23.4407 826.651
-98.2362 24.3209 826.101
-98.088 24.0238 825.966
-98.4898 24.0992 827.013
-98.235 23.6944 826.501
-98.5637 23.5193 826.939
-97.9474 24.6597 826.286
-97.8024 24.1231 825.821
-98.4214 24.3682 826.743
-97.4652 24.4421 824.826
-97.973 24.9065 826.795
-98.0701 23.2 826.341
-97.9369 23.7005 825.588
-99.0487 23.6446 827.879
-98.7172 22.928 826.88
-98.2543 23.626 825.921
-97.9666 24.6623 825.533
-98.2442 24.8545 826.641
-98.9103 23.85 828.084
-97.9265 24.3581 825.4
-98.6459 22.75 826.554
-99.5244 23.1033 827.919
-99.1149 23.8754 828.166
-98.1383 24.6644 826.301
-98.9341 24.0556 828.275
-99.0928 23.752 827.81
-99.1351 23.049 827.289
-98.6982 23.4358 825.98
-98.1557 23.9577 825.15
-98.2588 24.3002 825.786
-98.8482 24.0012 827.207
-98.8428 23.9823 826.894
-98.8957 23.6569 826.457
-98.4061 23.6036 825.902
-98.3746 23.55 825.851
-98.5747 24.3843 826.569
-98.2628 23.6191 825.958
-98.5256 23.5122 826.525
-98.7015 24.1473 826.709
-98.7311 24.2268 826.812
-98.355 23.6724 826.371
-98.8117 24.3 826.947
-98.6385 24.1579 826.796
-98.4073 23.9255 826.428
-98.4166 23.7313 826.163
-98.3818 23.6892 825.864
-98.433 24.3692 826.326
-99.34 23.8229 827.638
-98.7618 23.3054 826.545
-98.3376 23.0455 826.091
-98.6382 23.5842 826.323
-98.5933 23.4869 826.106
-98.9708 23.7238 826.986
-98.9329 22.8946 826.961
-98.8593 23.4494 826.366
-98.7218 23.5252 825.542
-98.4117 24.2401 825.502
-98.8559 24.2357 826.173
-99.3403 24.3904 826.882
-98.8559 24.0607 825.862
-98.9448 24.3704 825.992
-98.7271 23.7754 826.147
-98.7431 24.0186 825.923
-99.4534 23.6845 827.183
-98.5217 23.7806 825.889
-99.0707 23.8644 826.474
-98.9295 23.5037 826.297
-99.5705 23.6161 827.474
-98.8238 23.5693 826.276
-99.229 24.4685 827.011
-99.3255 23.9047 826.717
-98.9481 24.1644 825.979
-99.2614 24.1852 826.57
-98.8197 24.3194 826.548
-98.7185 24.2913 826.136
-98.7812 23.6264 826.026
-98.7392 24.2279 825.921
-98.3246 24.409 825.58
-98.823 23.5121 825.906
-99.1329 24.1169 826.586
-71.0042 33.2644 814.669
-71.0885 33.298 814.679
-71.1036 33.2746 814.775
-71.3902 33.2632 814.636
-71.342 33.0301 814.588
-71.4449 33.5036 814.702
-71.4888 32.8829 814.797
-71.3975 33.1193 814.103
-71.4717 33.0997 814.45
-71.7236 32.9839 814.441
-71.8012 33.4965 814.984
-72.0371 33.0045 815.58
-71.3126 33.0214 813.911
-72.2426 32.9613 815.448
-72.8368 32.5403 815.269
-72.1183 33.8695 813.734
-71.7613 33.6997 813.435
-72.0883 33.7775 813.809
-72.3569 33.525 814.269
-71.8821 33.5124 813.777
-71.6972 33.6149 813.566
-71.9637 33.0406 813.88
-72.1127 33.077 814.263
-72.4625 33.2105 815.016
-72.3187 33.7598 814.785
-72.2003 33.4793 814.837
-72.0273 33.6827 814.604
-72.2277 33.5421 814.614
-72.0478 33.9797 814.393
-72.2354 33.2257 814.83
-72.4624 32.9566 814.945
-72.3706 32.6806 814.625
-72.6229 33.0784 814.945
-71.7697 34.3731 812.999
-71.7758 34.1651 812.986
-72.0196 34.0868 813.572
-71.0649 34.5324 812.322
-72.108 33.6046 814.589
-72.0313 33.7336 814.8
-71.7853 33.6592 814.49
-71.8212 33.4276 814.288
-71.8329 33.2361 814.067
-71.9286 33.0056 813.907
-71.9308 33.2275 813.083
-72.8028 32.9321 814.586
-72.7156 32.9269 814.117
-72.3639 33.7951 813.476
-72.4546 34.2357 813.709
-72.2896 34.4948 814.018
-72.5203 34.2932 814.371
-72.2695 34.8441 814.348
-72.5812 34.3333 814.842
-71.7043 34.6938 813.556
-71.4147 34.5837 813.295
-71.6111 34.6066 813.73
-72.056 33.9369 814.422
-71.8482 33.9071 813.946
-71.8929 34.0573 814.011
-72.0542 34.2014 814.329
-71.4502 33.5238 813.174
-72.0365 34.0047 814.089
-71.9437 33.7316 813.998
-71.7098 33.7528 813.744
-71.7309 33.4947 813.486
-72.2953 33.4651 814.516
-72.1337 34.1686 814.171
-71.804 33.4873 813.751
-71.9873 33.7733 813.975
-72.1893 34.6056 814.203
-71.8607 33.5726 813.823
-71.7307 33.6475 813.772
-71.8797 33.8508 814.036
-72.2785 34.5356 814.848
-71.3411 34.8884 813.638
-71.2225 33.5889 813.032
-71.5737 33.1622 813.659
-71.6142 33.3265 813.778
-72.1254 33.0738 814.466
-71.4939 33.4056 813.445
-71.6981 33.5733 813.755
-72.3865 33.734 814.753
-72.1219 33.8293 814.08
-71.6878 34.0652 813.384
-72.3408 33.5415 814.672
-72.198 34.4049 814.38
-72.3694 32.9959 814.967
-71.955 33.6013 814.083
-71.6769 33.2495 813.575
-71.5199 33.7966 813.307
-71.886 33.6883 813.741
-72.0982 32.9197 814.361
-71.6736 33.5158 813.748
-71.7312 34.0738 813.965
-71.5474 33.2596 813.237
-71.9571 33.3075 813.945
-71.7413 33.8998 813.498
-71.5399 33.8724 812.958
-72.3071 34.0701 814.112
-71.7636 33.3723 813.32
-71.5358 34.0576 813.363
-44.4023 42.7677 802.65
-44.6281 43.2853 802.311
-44.4072 43.2169 801.801
-44.8414 42.5019 802.808
-44.4594 42.8892 802.273
-44.4815 43.0303 802.034
-44.4883 42.425 802.019
-44.5531 43.3865 802.717
-44.6718 42.4015 803.311
-44.3968 42.2038 801.811
-44.6104 43.422 801.223
-45.4387 43.5384 802.913
-44.3742 42.3888 801.851
-44.2794 44.4257 802.539
-44.0622 43.0466 801.534
-44.216 42.7431 801.656
-44.9933 42.6008 802.502
-44.9858 42.6498 802.59
-45.2354 42.8612 803.445
-45.3514 43.5302 803.536
-44.8875 44.0121 803.011
-44.8007 42.7444 802.882
-44.4673 43.3947 801.595
-44.4409 42.7325 801.712
-45.0114 43.5368 802.795
-45.0301 42.2964 802.54
-44.9088 42.7161 802.647
-45.4072 43.309 803.546
-44.4256 42.0831 801.935
-44.884 42.4451 802.828
-44.4226 43.6395 801.502
-44.5289 42.5375 801.299
-44.91 42.0484 801.901
-45.559 42.0708 803.38
-44.3665 42.4928 801.417
-44.811 41.9257 802.265
-44.4705 43.4143 801.632
-44.6357 42.2844 801.888
-44.9193 41.8647 801.963
-45.3903 42.569 802.572
-45.6758 42.6018 803.42
-45.1984 43.681 802.851
-44.8449 43.6762 801.881
-44.5023 42.9352 801.253
-44.9967 42.1004 801.716
-44.7977 43.0436 801.397
-44.5336 42.7179 800.989
-45.0558 41.7544 802.278
-45.9436 42.8464 803.94
-45.5044 43.4569 803.113
-45.7134 41.9804 802.984
-45.9482 43.092 803.544
-45.5881 43.9516 802.966
-44.7139 43.1394 801.493
-45.4235 43.0793 803.064
-45.091 43.3974 802.14
-44.5131 42.8099 801.189
-45.1797 43.6109 802.388
-44.531 42.7911 801.306
-44.9637 41.9701 801.693
-45.7212 42.7648 803.029
-45.1339 41.9445 802
-45.0288 42.7209 801.639
-45.1069 42.3116 801.411
-45.2569 42.0004 801.981
-44.9958 42.8756 801.212
-46.2269 42.9055 803.707
-45.3017 44.0372 802.121
-45.6697 42.6271 803.094
-45.6896 43.1756 803.231
-45.0858 42.0673 801.753
-46.2114 42.2331 803.452
-45.7178 43.7741 802.659
-46.0056 42.7083 803.447
-45.3162 41.8592 802.01
-45.765 42.8035 802.833
-45.2126 43.6528 802.238
-44.7395 42.6529 801.357
-45.1198 43.4383 801.81
-44.9959 42.7308 801.458
-45.93 42.817 803.28
-45.3618 43.7264 802.704
-44.8777 43.3617 801.858
-45.8558 43.1156 803.892
-45.2924 43.2705 802.265
-45.61 42.3622 802.766
-45.3668 43.3103 802.895
-44.6885 43.2353 801.665
-44.8378 42.0098 801.447
-44.7629 43.2185 801.474
-44.7897 42.4783 801.476
-45.4794 43.2922 803.138
-45.0654 43.2372 802.714
-45.1556 42.6109 802.641
-45.6471 42.5344 803.478
-45.3367 42.3489 802.8
-44.5542 43.8969 801.193
-45.896 42.6869 803.331
-44.9577 43.6014 801.244
-45.4561 43.421 802.014
-17.5437 52.2735 789.703
-17.7883 52.0081 789.927
-17.7749 52.1921 789.948
-17.6038 52.2474 790.437
-17.2941 52.0332 789.815
-17.9703 52.2708 790.934
-17.1707 52.3117 789.554
-16.9359 52.3511 789.515
-17.0764 52.263 789.811
-17.2075 52.0586 790.229
-17.7405 52.1208 791.257
-17.9173 52.5926 790.98
-17.4565 52.6468 789.97
-16.4393 52.4168 788.701
-17.6121 52.9353 791.263
-17.7638 51.8474 791.512
-16.7325 52.2051 789.452
-17.3009 51.6103 790.514
-17.8152 52.0307 791.714
-17.6832 53.4394 792.269
-16.7423 53.4826 790.979
-15.9955 53.3732 789.188
-16.116 52.4194 788.859
-16.5766 52.3368 789.034
-17.34 52.0665 790.437
-17.2508 52.207 790.36
-16.8489 52.5414 789.609
-16.3801 52.4004 788.976
-16.6731 52.5357 789.823
-16.5146 52.3318 789.867
-16.4941 52.454 789.881
-16.0302 52.6598 789.244
-15.258 52.7967 789.414
-15.7155 52.9439 790.972
-15.7363 52.6994 791.228
-15.4459 52.4038 790.556
-15.7403 52.5236 790.761
-15.5706 52.3326 790.316
-15.4607 53.0602 789.913
-15.4096 53.0611 790.279
-16.6245 52.3804 792.068
-15.7488 52.8347 789.713
-15.7137 52.6619 789.994
-15.5482 52.0781 789.629
-15.6213 52.2234 790.143
-15.0359 52.7588 789.425
-15.2621 52.9988 790.182
-15.6612 52.6081 790.988
-16.0342 52.5386 790.852
-15.6016 52.4544 789.835
-15.8051 52.3114 789.126
-16.6199 51.6309 790.428
-16.4202 52.2344 789.774
-17.2137 52.6784 792.228
-16.5088 52.0926 791.396
-15.5505 53.1814 790.127
-15.1493 52.3077 789.914
-15.4895 51.0271 790.81
-17.0367 51.9835 793.084
-17.5384 52.4278 792.759
-16.6866 52.3521 790.648
-15.539 52.3459 788.974
-16.8327 52.684 792.192
-16.0414 53.047 790.969
-15.4154 52.3818 789.24
-15.9927 51.7951 789.791
-16.4463 51.6014 790.791
-16.6908 52.2428 791.891
-16.1056 52.7741 791.149
-15.4207 52.2533 789.325
-16.614 52.3495 791.272
-15.6145 51.9812 789.459
-15.4342 51.6002 789.884
-16.3393 51.912 791.514
-15.4771 52.0489 789.117
-15.8222 52.3476 789.894
-15.4198 51.8457 789.45
-16.0093 51.6495 790.794
-15.4863 52.0014 789.257
-16.5048 51.6865 791.228
-16.3786 52.2369 791.325
-15.8451 52.5575 790.049
-16.103 51.5377 789.92
-16.8761 51.7032 791.373
-16.667 52.1392 790.942
-16.4767 52.3227 790.859
-17.2214 51.9967 791.957
-16.3291 52.1975 790.2
-16.9947 52.1469 791.901
-16.0315 52.0341 790.197
-16.5727 51.9391 791.448
-16.9018 52.221 791.568
-16.5471 51.8079 790.641
-16.4387 51.726 790.377
-16.348 51.8867 790.299
-16.53 51.736 790.495
-16.7219 51.8214 790.878
-16.586 51.7894 790.661
-16.4347 51.7273 790.425
-16.6122 51.8875 790.803
10.6102 61.4026 779.346
10.9294 61.3549 778.359
9.966 61.1708 779.683
10.4402 61.3447 779.911
10.8141 61.1296 779.061
10.427 61.5154 780.085
10.9703 61.3055 778.929
10.9651 61.2729 778.723
11.0736 61.0733 778.705
10.5476 61.0118 780.166
10.5135 61.5917 780.161
10.129 61.5653 780.382
10.6204 61.695 778.915
10.3261 60.8187 779.199
11.2957 61.0448 777.844
10.6137 62.0242 779.648
10.962 61.8983 778.872
11.4128 61.2652 777.925
10.6181 60.6765 778.866
10.7442 60.8763 779.092
11.1523 61.017 778.102
10.9417 60.7095 779.119
10.4737 60.9251 779.731
10.1941 61.7091 779.622
10.3439 60.6746 779.54
10.2873 61.572 779.885
11.1552 61.768 778.638
10.9884 60.8576 778.392
10.8717 61.7817 778.586
11.0429 60.56 778.193
10.7356 60.7036 779.356
10.9845 60.9327 778.451
10.4517 61.6077 779.158
11.0862 61.2074 778.089
11.0603 60.6498 778.632
10.7136 60.9377 779.67
11.4543 61.2096 777.945
10.9786 60.3778 778.522
10.1804 60.6253 779.759
10.5901 61.0949 780.119
11.1453 60.3213 778.958
11.6228 61.4539 777.9
11.0488 60.8749 778.55
10.7488 60.8204 779.141
10.8036 60.4908 779.031
10.2064 60.9964 781.06
10.8602 60.8775 780.198
11.1104 61.922 779.976
11.4207 60.8609 778.435
10.4867 60.8335 779.843
10.3737 60.6808 779.797
10.3508 61.6646 780.319
10.624 60.4368 780.065
10.9358 61.4882 779.509
10.9155 60.8364 779.473
11.1842 60.7938 779.087
11.616 60.3922 778.369
11.541 60.3817 779.255
11.4182 61.1838 779.821
11.6441 60.9932 779.56
11.5562 60.9507 779.544
11.5451 61.6779 780.145
12.1716 60.83 778.706
10.7577 61.2765 780.71
11.1142 60.1372 780.042
11.0586 60.2532 780.281
12.2347 60.5492 778.777
11.2503 60.5469 780.819
11.3464 61.4082 781.013
11.5973 61.5598 780.126
11.7092 61.4515 779.604
11.0507 60.7622 780.666
10.8063 60.906 780.968
11.6301 61.0172 778.478
11.0262 61.4857 778.993
10.5195 61.0354 779.706
10.1472 61.5423 779.772
10.3368 61.1855 778.955
10.2686 61.1695 779.062
11.5703 61.4483 777.384
11.6459 61.749 777.961
10.8904 60.932 780.253
11.6462 61.6192 779.035
11.0016 61.7836 780.007
11.4336 60.7215 778.186
11.101 61.1247 778.273
10.9411 61.0154 778.286
10.1943 60.4993 779.374
10.902 60.5821 778.218
11.6753 61.2152 777.515
11.3116 61.2671 778.811
11.4941 62.0605 778.966
11.2135 61.5561 779.704
11.1075 61.1245 779.888
11.3319 60.8917 778.982
11.3183 61.0357 778.403
11.1581 61.1597 778.25
10.8457 61.357 778.808
10.7495 60.8054 778.948
11.0607 61.2276 778.723
-141.912 26.3592 816.491
-141.888 25.9732 816.509
-141.964 26.6307 816.257
-142.237 26.7775 816.697
-142.019 26.6617 816.286
-141.896 25.3625 816.266
-141.8 26.589 817.137
-142.206 25.7528 816.377
-142.017 26.2819 816.32
-142.231 26.5204 816.129
-142.213 26.4408 815.643
-142.224 26.3164 816.081
-141.934 26.9181 816.204
-142.016 26.4866 816.037
-142.097 25.8949 815.992
-142.445 26.203 816.569
-141.916 26.4112 816.713
-141.782 27.1187 815.951
-142.022 26.2956 817.901
-142.086 27.3023 816.91
-142.299 26.365 815.848
-142.249 27.5457 816.469
-141.91 26.2487 816.294
-141.627 25.7996 815.861
-141.862 26.7784 816.268
-141.896 25.97 817.083
-141.957 26.3013 815.924
-142.154 26.2431 816.241
-141.851 26.3348 816.201
-141.948 25.9966 815.928
-138.327 23.4967 810.496
-136.951 26.9139 814.203
-136.662 26.5626 814.145
-136.756 27.2099 814.214
-137.872 27.4957 812.672
-140.817 28.7923 811.864
-139.777 27.1764 814.652
-140.297 26.5099 814.024
-142.515 26.2471 815.832
-143.929 26.1619 813.327
-142.242 26.1585 816.266
-142.11 25.8077 815.675
-141.798 27.65 817.523
-140.893 29.0178 815.607
-141.467 27.6117 818.073
-141.732 26.262 816.562
-142.164 26.0265 817.385
-140.568 28.7769 814.873
-141.652 26.45 815.307
-142.01 26.8643 817.321
-141.658 26.0329 817.145
-141.288 26.2602 817.73
-141.685 25.6764 816.082
-142.043 24.8546 816.303
-142.177 25.3544 817.572
-141.976 26.2414 818.047
-141.956 25.3861 816.911
-141.572 27.8451 816.93
-141.527 27.2425 815.265
-142.272 26.926 818.511
-141.887 27.1678 815.854
-141.878 27.3694 818.156
-141.642 28.0593 817.674
-141.203 28.4615 816.664
-141.456 26.7736 817.817
-141.412 28.2189 817.792
-140.863 27.2099 815.613
-140.662 28.0322 815.836
-141.327 27.7727 817.203
-141.057 28.173 818.927
-141.752 25.2917 817.94
-142.158 25.426 818.586
-141.467 25.8946 817.519
-141.697 26.0395 816.632
-141.334 26.4679 816.043
-141.591 27.7923 816.626
-142.011 26.0501 816.387
-141.598 26.7078 816.077
-141.708 27.6705 816.216
-142.137 27.0567 817.322
-141.771 27.7928 817.431
-142.002 26.2077 817.914
-141.826 26.2883 817.25
-141.952 26.8537 818.484
-142.615 25.1318 818.314
-141.918 27.6837 817.714
-141.45 26.9772 817.595
-141.875 27.5453 816.435
-141.722 27.2444 817.265
-142.321 26.94 818.542
-142.3 25.7975 816.962
-141.884 26.4491 815.466
-142.035 26.4295 817.356
-141.97 26.1125 817.003
-141.79 26.2397 816.288
-141.941 27.1874 816.171
-141.681 27.5154 816.334
-142.067 27.0668 817.731
-141.615 27.6091 816.098
-142.195 25.8991 816.79
-113.753 36.8546 804.653
-113.408 36.4807 803.729
-114.562 36.6918 804.58
-114.724 37.1998 805.422
-114.084 37.5137 805.216
-113.959 36.6298 804.724
-113.969 37.1515 805.048
-114.02 36.7841 805.155
-113.787 37.1372 805.44
-114.131 36.6842 804.872
-114.46 37.1925 805.611
-113.983 36.4212 804.973
-114.136 36.5897 806.192
-114.251 37.5467 805.939
-114.286 36.2432 804.983
-114.637 36.7754 805.872
-114.106 36.4577 804.384
-114.154 35.8613 804.777
-113.788 37.8203 804.499
-113.867 36.523 804.492
-114.034 35.8204 804.979
-114.438 37.0428 805.858
-114.127 37.8294 805.182
-114.175 36.2727 805.799
-113.614 36.5944 804.124
-114.087 35.8814 805.073
-114.373 36.3281 805.516
-114.018 37.2939 805.284
-114.058 36.4028 805.412
-114.161 36.6156 804.745
-114.087 35.2551 804.924
-114.113 37.397 804.326
-114.14 36.8198 805.328
-114.179 37.1553 805.945
-113.742 37.5428 804.729
-113.771 37.0506 804.126
-114.097 36.4107 804.686
-114.387 35.9062 805.936
-113.81 37.0597 804.638
-114.044 35.9126 805.241
-113.935 37.3588 806.054
-113.869 37.5529 804.741
-113.788 36.2024 803.585
-113.941 35.8616 805.217
-113.718 36.3891 805.638
-113.735 36.1003 804.506
-114.037 36.0657 805.242
-114.3 37.1379 805.129
-114.025 36.4215 805.023
-114.012 36.7647 805.142
-114.049 36.6288 805.217
-114.019 36.5779 805.081
-113.827 36.5733 804.951
-114.011 35.88 804.661
-113.664 36.7076 805.13
-113.919 36.3723 805.119
-113.61 36.6525 805.319
-114.164 36.7515 805.457
-113.853 36.7843 805.609
-113.72 36.2825 805.327
-113.94 36.1142 805.501
-113.607 36.2822 805.488
-113.662 36.4247 805.44
-113.541 36.7663 805.789
-113.888 36.551 806.679
-113.848 37.3667 805.446
-114.028 36.8226 806.006
-113.768 36.8718 804.833
-113.678 36.7027 805.101
-113.605 37.4506 804.813
-113.698 35.8076 804.397
-113.626 35.8099 805.364
-113.53 36.0474 806.307
-113.246 36.5901 806.402
-113.4 37.5146 805.573
-113.914 35.794 805.773
-113.791 36.5094 806.743
-113.558 36.6933 805.854
-113.582 36.8296 805.183
-113.251 37.1108 804.964
-113.433 36.2467 805.115
-113.807 35.2358 806.098
-113.572 36.1018 804.436
-113.312 36.0029 804.901
-113.228 37.1 805.351
-113.082 36.5505 804.78
-113.328 36.2062 804.861
-113.489 35.8215 805.791
-113.623 35.647 804.971
-113.357 35.966 805.231
-113.442 36.5083 806.362
-113.544 37.0997 806.043
-113.731 35.7982 805.669
-113.435 35.7342 804.56
-113.542 35.7576 805.257
-113.208 36.9164 804.943
-113.5 36.3753 805.316
-113.747 37.5668 806.196
-113.681 36.7033 804.87
-113.696 36.7209 805.417
-86.2426 45.982 794.146
-86.123 45.6527 793.077
-85.9047 46.5339 793.269
-86.2716 46.5398 793.583
-85.8476 46.5279 792.275
-86.2767 45.8446 793.241
-86.2912 45.9909 793.335
-86.0898 46.4945 793.049
-86.1155 46.0281 792.82
-86.2253 46.2419 792.744
-86.3669 45.9101 792.314
-86.5307 45.4866 793.2
-86.1138 45.1128 793.893
-86.3438 46.5749 794.221
-86.4955 47.095 794.116
-87.4056 46.6757 794.677
-86.336 45.2105 792.591
-86.7776 45.9804 793.627
-86.7164 45.1885 794.25
-86.289 45.2931 793.361
-86.3143 46.8182 793.966
-86.7738 45.308 794.307
-86.3833 44.7511 793.237
-86.5308 46.3614 793.885
-86.5847 44.9381 794.065
-86.2832 45.773 792.262
-87.1852 45.3595 794.104
-86.3356 44.5498 791.739
-86.0213 46.9256 791.779
-85.4628 48.8843 791.739
-86.8395 47.7399 794.829
-87.0708 44.7961 794.413
-86.3807 44.9245 792.569
-85.5457 47.1282 790.898
-86.298 44.6958 793.162
-86.1308 45.5335 791.737
-86.0389 46.5998 791.979
-86.4481 44.6647 792.5
-86.9141 46.3057 794.812
-86.322 45.4632 793.363
-85.712 45.8996 791.589
-86.0724 46.5401 792.249
-86.8729 46.5583 793.738
-86.8954 45.8104 794.267
-86.0844 45.493 792.638
-85.9711 45.5483 791.211
-87.0688 46.048 793.306
-86.5681 46.7692 793.607
-86.5373 45.2875 793.164
-86.7034 45.9702 793.205
-86.0933 44.8913 792.457
-85.3097 47.8915 790.763
-85.2663 46.3077 790.652
-86.1508 46.355 792.102
-86.6715 47.0273 793.81
-86.8917 46.1533 794.944
-85.9667 47.5085 792.936
-87.0765 46.7854 794.871
-86.8389 46.3093 793.845
-86.144 45.9983 793.249
-86.3415 46.5152 793.788
-86.2621 46.1798 793.457
-85.9922 46.1073 793.226
-86.09 46.1323 793.401
-86.1313 46.0944 793.418
-86.1151 45.9428 793.416
-86.083 46.0026 793.431
-85.9909 46.1743 793.419
-85.7269 47.2562 794.025
-85.3914 46.3137 792.848
-85.8352 44.5151 792.902
-85.3829 46.4563 791.718
-85.4863 45.8382 792.121
-85.9172 46.7972 793.762
-85.7633 46.7702 793.575
-85.6553 46.5125 792.504
-85.4128 46.3209 792.256
-86.1376 45.9818 792.845
-86.5902 45.6906 793.094
-87.1613 46.6301 794.598
-86.6885 47.2972 793.418
-86.128 46.7728 792.033
-86.2106 45.8774 792.184
-86.6011 47.5 793.204
-86.5764 46.5221 792.03
-86.4968 45.5751 792.037
-86.8819 45.2937 793.607
-85.9421 46.4542 791.726
-86.4732 45.5511 792.518
-86.3302 47.4352 792.305
-86.3157 46.1118 791.631
-86.5079 45.1888 792.486
-86.6133 45.751 793.69
-86.5484 46.068 794.166
-86.7686 46.9541 793.88
-86.8723 45.5585 793.494
-86.9117 46.1047 794.446
-86.4417 46.6682 793.598
-86.2894 46.9713 792.843
-86.2057 46.3962 792.762
-58.7811 55.3851 781.319
-58.7272 55.4756 780.652
-58.9432 55.898 780.763
-58.9198 55.3256 781.256
-58.7064 55.5816 780.465
-59.1508 55.5273 780.807
-59.4148 55.5708 781.113
-59.345 55.9006 781.48
-59.139 55.0972 781.242
-58.9568 55.8237 779.607
-58.9512 56.4538 779.975
-58.9432 56.6375 780.52
-59.8994 55.2462 782.976
-58.3082 57.6035 780.35
-59.0062 56.4559 781.877
-59.0472 55.3248 781.474
-58.4043 55.9882 779.988
-59.0389 56.0617 780.76
-58.6616 55.5055 779.784
-58.3889 56.3901 780.295
-59.3484 56.314 782.453
-58.7758 55.653 779.406
-58.6807 56.1595 779.286
-58.8705 54.8858 779.756
-59.8818 55.1462 782.34
-59.4742 54.7655 782.545
-58.985 54.7385 781.586
-58.9546 54.9084 780.522
-59.7823 55.1616 782.485
-59.7325 54.4457 781.454
-59.2728 54.5025 780.498
-58.545 55.1489 780.035
-58.856 56.1574 780.875
-58.545 55.5082 780.008
-59.074 55.9157 781.188
-59.1812 56.1367 780.649
-59.6731 54.8022 781.501
-59.7539 55.3044 781.82
-59.949 55.7775 782.292
-59.4718 54.9319 781.364
-59.5235 54.8626 781.719
-58.7573 56.0335 780.114
-59.5144 55.7738 782.125
-59.4258 56.1785 781.046
-59.651 54.8038 780.892
-60.2648 55.2921 782.274
-59.7188 55.4972 781.688
-59.4977 54.9797 780.883
-59.1687 56.0325 780.63
-59.0428 55.7064 780.028
-59.6416 55.7182 781.672
-59.468 54.8116 780.61
-59.949 55.0683 780.739
-59.1849 55.8152 778.851
-59.9397 56.1403 781.643
-59.4912 56.2032 780.636
-59.8773 55.1365 781.824
-59.9838 55.8659 781.879
-59.7455 54.22 780.396
-59.7436 55.697 780.15
-59.2241 54.6861 779.145
-59.5352 56.5433 781.021
-59.7423 55.327 781.964
-59.1516 54.3661 781.045
-59.3701 54.2458 780.728
-58.6507 55.2725 779.529
-59.4049 56.3016 781.613
-59.1078 56.2407 781.142
-59.5288 55.0591 781.989
-58.9513 54.8879 780.513
-59.1232 54.5581 780.71
-58.9568 55.5866 780.354
-59.4167 55.4853 781.647
-59.1942 55.8673 780.836
-59.4806 55.7146 782.032
-59.082 54.5726 780.935
-59.3721 55.2267 781.283
-59.0566 53.6842 780.595
-58.4054 55.0097 779.839
-58.5948 54.6745 780.62
-58.7793 55.1301 781.043
-58.9261 54.4241 780.7
-59.0384 53.8873 781.117
-59.4511 55.1101 781.499
-59.3036 55.309 781.569
-59.3016 55.5383 781.352
-58.9986 55.743 781.664
-58.7422 53.7796 780.276
-58.6313 54.1829 780.115
-58.952 55.3534 781.07
-59.2244 55.6243 781.591
-59.6373 55.4213 782.671
-58.955 55.194 781.625
-58.3662 56.0033 780.493
-58.809 54.9677 781.102
-58.9241 54.8383 781.226
-59.2619 55.0981 781.84
-59.5299 55.0282 781.71
-59.3289 55.2132 780.822
-59.1669 55.3904 780.593
-30.3929 64.1461 769.978
-30.9098 64.2269 770.601
-30.7496 64.1638 769.613
-30.7936 64.5675 769.228
-30.4491 64.089 769.68
-30.7346 64.2657 769.76
-30.7959 64.2369 769.763
-30.5878 64.0672 769.507
-30.695 63.605 770.089
-30.2772 64.2832 768.695
-31.0532 64.8225 769.68
-30.0639 64.6055 768.043
-31.2892 64.5031 771.822
-30.3402 65.0847 770.34
-30.1468 65.369 769.989
-31.1223 64.4405 771.593
-30.9405 64.8183 770.773
-30.6975 64.9706 769.794
-30.9737 63.8007 770.844
-30.8015 64.5785 770.715
-30.3656 65.2469 769.503
-31.2934 64.3061 771.379
-31.1702 64.9267 770.339
-30.9098 63.7828 770.303
-30.9842 64.3311 770.926
-30.5079 64.7919 770.162
-30.2958 65.0738 769.572
-30.1817 64.3213 768.807
-31.3511 65.1652 770.429
-30.1293 64.7962 767.662
-31.7142 64.6934 771.347
-31.3206 63.7251 770.129
-31.6089 63.9042 770.831
-31.6619 64.6221 771.317
-31.2171 65.0521 770.62
-30.3363 64.6443 768.61
-30.3195 64.3285 768.529
-31.0625 63.6701 770.184
-30.7078 65.1841 769.368
-30.3971 64.0624 768.968
-30.9438 63.3809 770.148
-31.3517 64.4131 771.349
-30.8113 63.4745 769.953
-31.2458 64.1871 771.197
-30.416 64.0004 769.025
-30.9929 64.8718 770.044
-31.3651 64.2491 770.847
-30.9216 63.1901 770.138
-30.4625 63.9482 769.418
-30.8427 63.5969 769.685
-31.0366 63.5958 769.908
-32 64.4695 771.47
-31.1498 63.2878 770.376
-31.2511 64.8806 770.957
-30.8171 64.8288 770.216
-30.9779 63.934 770.051
-30.8245 64.089 769.996
-31.069 63.9686 770.326
-31.1149 63.9296 770.348
-30.9547 64.0121 770.16
-30.207 63.3234 768.733
-31.1455 63.6061 771.361
-30.425 63.4734 769.466
-30.1446 63.2472 769.407
-30.167 63.6071 768.716
-30.7172 62.9209 770.661
-31.2852 64.6626 771.821
-30.5739 64.6378 769.921
-30.3461 63.8667 769.871
-30.4761 64.1068 770.225
-30.6187 63.944 770.371
-30.4718 64.0589 770.263
-30.6328 64.0675 770.167
-31.2462 63.4569 771.225
-30.1993 63.0356 769.432
-31.262 63.5148 772.222
-30.4947 63.6233 769.684
-30.8646 63.8819 769.899
-30.5544 64.4249 769.064
-30.4295 63.838 769.548
-30.3372 64.6037 770.157
-29.7994 64.71 769.403
-30.2751 63.8464 769.735
-30.5177 64.169 770.048
-30.9752 64.4099 771.024
-30.9643 64.1393 770.917
-30.9354 64.6078 770.871
-30.6317 64.1069 770.204
-30.7481 63.9342 770.444
-30.2081 64.227 769.599
-30.8325 63.9706 770.609
-30.3709 64.1918 769.876
-30.6762 64.1351 770.51
-30.5597 64.2159 770.256
-30.1068 64.8317 769.721
-30.7792 64.6385 770.702
-30.5665 63.7386 770.308
-30.8204 63.8829 770.858
-30.0431 64.0677 769.432
-30.4753 63.7128 770.393
-3.20248 73.8445 759.166
-2.85089 73.1269 758.904
-2.79309 73.8724 758.405
-3.22464 73.1907 759.268
-2.51324 73.3072 757.674
-3.10889 73.4044 758.313
-3.35748 73.5742 759.1
-2.86548 73.2156 758.734
-3.21823 73.3737 759.615
-3.66736 74.2667 759.666
-2.74167 74.0343 757.465
-3.54559 73.3354 759.932
-3.28891 73.981 760.099
-2.87976 74.2722 759.314
-2.31531 74.4553 758.354
-3.04089 73.6803 760.087
-2.86804 74.0537 759.405
-2.87891 73.0263 759.028
-3.62061 73.1291 760.526
-2.49451 72.7951 758.15
-2.94931 75.0025 759.768
-2.53278 74.5339 757.869
-3.67566 74.5148 760.748
-3.44434 74.4577 759.111
-3.88394 73.2843 760.06
-3.6947 73.9659 760.147
-3.09326 74.4009 758.935
-2.91788 74.3923 758.499
-2.61685 73.7947 757.812
-2.86981 72.9957 758.315
-3.2168 73.4596 758.929
-3.19733 73.5206 758.818
-3.24994 73.7686 759.119
-3.07257 73.9578 758.528
-3.52725 73.9114 759.561
-3.14282 73.5433 758.647
-3.2518 73.286 758.562
-3.2663 73.5235 758.612
-3.34766 73.5296 758.694
-3.07001 73.336 758.344
-3.21027 73.5732 758.597
-2.9173 73.3001 758.361
-3.0369 73.468 758.588
-2.95218 73.3747 758.463
-3.25754 73.4971 758.846
-3.31381 73.4202 758.811
-3.08377 73.266 758.441
-2.97821 73.1055 758.751
-3.17148 73.8502 758.988
-3.09344 73.3362 758.607
-3.29059 73.4691 758.88
-3.09216 73.3692 758.688
-3.10956 73.4008 758.704
-3.06592 73.417 758.569
-2.99207 73.4059 758.471
-2.98633 73.3431 758.476
-3.09531 73.4936 758.771
-2.95715 73.6633 758.784
-2.84909 73.7419 758.448
-2.94055 73.0416 758.376
-3.06482 73.2332 758.601
-3.62781 73.5475 759.986
-3.33377 73.9133 759.363
-3.34973 72.9959 759.218
-2.84113 73.7439 757.896
-2.92044 73.2891 758.139
-3.42038 73.09 758.811
-2.73947 73.5599 757.714
-3.49927 74.0058 759.467
-3.117 73.7996 758.714
-3.38449 73.9017 759.586
-2.99103 73.2651 758.65
-2.82513 73.3925 758.588
-3.04825 73.2241 758.874
-2.77277 73.4239 758.609
-2.82419 73.5181 758.859
-2.64713 73.3425 758.648
-2.84467 73.56 758.937
-2.54135 73.339 758.552
-2.76196 73.5338 758.897
-2.79135 73.3671 758.882
-2.64932 73.3725 758.674
-2.62961 73.4375 758.766
-2.86954 73.4045 758.924
-2.6843 73.4777 758.753
-2.74805 73.4751 758.987
-2.49371 73.3028 758.612
-2.39114 73.5109 758.616
-2.6452 73.0706 758.697
-2.46997 73.4377 758.135
-3.51898 73.0188 760.72
-3.09656 73.8175 760.061
-2.98163 72.8948 759.494
-3.00589 73.2512 759.8
-3.3053 73.4821 760.505
-3.05658 73.7512 759.954
-2.80048 73.8616 758.938
-2.53983 73.5692 758.161
-2.78516 73.3232 758.221
-3.01459 72.8337 759.205
-156.598 40.1413 794.878
-156.147 40.1866 794.219
-155.793 40.437 794.213
-156.362 40.1832 794.815
-156.229 39.9591 795.322
-156.185 39.8098 795.292
-156.062 39.7057 795.211
-156.381 40.1431 794.48
-156.187 39.9147 795.506
-156.042 39.2003 795.076
-156.217 39.8846 795.853
-156.204 39.8025 795.296
-155.949 39.6479 794.929
-156.01 40.0918 794.415
-156.29 39.4485 795.925
-155.999 39.5943 795.029
-155.575 40.2038 793.868
-155.838 40.6515 794.188
-155.795 39.7743 794.346
-156.004 40.2923 793.929
-156.391 39.1025 795.778
-155.999 40.1117 795.154
-156.443 39.3178 795.811
-156.164 39.264 795.153
-156.196 40.2611 794.158
-155.931 40.208 794.28
-156.639 39.7157 795.94
-156.651 38.9918 795.364
-156.466 39.7479 794.142
-156.198 39.2805 795.751
-156.215 38.719 795.145
-156.091 39.7708 795.232
-155.77 38.8481 795.653
-156.336 40.2046 795.234
-156.72 39.6974 795.913
-156.677 39.0584 795.702
-156.107 40.013 795.144
-156.681 39.0379 796.221
-156.132 39.9507 794.547
-156.128 40.3212 794.055
-155.312 40.4435 793.972
-156.204 39.5377 794.661
-155.889 39.8293 794.08
-155.883 40.6464 794.278
-156.143 39.8009 795.833
-156.144 39.6214 795.563
-155.898 40.0563 794.148
-156.382 39.7329 795.343
-156.264 39.6467 795.637
-156.132 40.225 795.07
-155.974 40.0437 795.583
-156.1 39.9422 795.11
-155.891 39.7051 794.824
-155.694 39.9858 794.936
-156.112 39.5947 794.839
-155.91 39.7595 794.346
-155.97 40.3751 795.22
-155.992 40.7249 793.775
-156.023 39.8132 794.876
-155.853 40.2634 794.346
-156.252 39.2376 795.777
-156.022 39.9956 795.63
-155.944 39.7492 795.881
-155.734 40.1058 794.618
-155.967 39.2291 796.103
-156.173 39.8351 795.384
-156.023 39.4052 795.728
-155.559 39.7352 795.488
-155.448 39.8448 794.335
-155.502 39.3023 795.818
-155.838 39.5193 795.377
-156.077 39.4777 795.657
-156.045 40.0151 794.956
-155.82 40.1165 794.71
-155.832 39.6973 795.262
-155.67 39.672 794.909
-155.841 40.272 795.313
-155.88 40.1372 794.418
-155.756 39.3138 795.22
-156.191 40.0408 795.263
-155.963 39.7181 794.976
-155.474 39.5827 794.904
-155.475 39.7617 795.14
-155.59 39.9704 795.114
-155.795 39.8399 795.839
-155.648 40.3787 794.261
-156.221 39.5499 794.38
-156.311 39.246 796.281
-155.981 39.3844 794.971
-156.037 39.1258 795.741
-156.154 39.3029 794.948
-156.541 39.0268 796.297
-155.887 39.8158 794.676
-156.079 39.2021 794.759
-156.505 39.6022 795.58
-155.909 39.8073 794.166
-156.319 39.5545 795.017
-155.708 40.5891 794.624
-155.747 40.1032 794.452
-155.907 39.3269 794.836
-127.576 49.7837 783.2
-127.682 49.3904 782.581
-127.871 49.6547 784.052
-127.676 49.4062 782.553
-127.806 49.1369 783.764
-127.753 49.4686 783.508
-127.844 49.8506 783.177
-127.897 49.4034 783.396
-127.963 49.8072 783.62
-128.123 48.9415 782.899
-128.2 49.8578 784.599
-128.096 48.3532 784.6
-127.948 49.9284 784.439
-127.992 49.0423 783.481
-128.23 49.0781 784.261
-127.867 49.7624 784.147
-127.867 49.7804 783.56
-128.068 49.3261 784.581
-127.811 49.428 782.922
-128.204 49.2463 783.867
-128.397 49.9425 784.179
-127.837 49.7038 782.896
-127.834 49.6966 784.35
-127.514 49.9904 782.456
-127.855 48.6314 782.798
-127.815 50.0158 783.038
-128.284 49.2596 784.579
-127.896 49.9603 783.63
-128.281 49.2007 784.141
-127.998 50.1152 784.111
-127.978 49.6052 784.554
-127.54 49.1465 782.76
-127.841 49.5164 783.625
-127.947 49.9839 784.42
-128.069 49.8519 784.657
-127.813 48.5903 782.966
-128.423 49.0176 784.268
-127.577 48.9981 782.433
-127.525 49.835 783.454
-127.562 49.8979 783.183
-127.923 49.5908 784.19
-127.554 50.0671 782.686
-128.253 49.3785 784.359
-127.91 49.7955 783.762
-128.145 49.0306 784.495
-127.698 50.1085 783.522
-127.555 48.8232 783.986
-127.85 49.1931 784.331
-127.983 49.2505 783.518
-128.24 48.9108 785.426
-127.857 48.7586 783.472
-127.908 48.9383 784.418
-127.96 49.5801 783.121
-127.925 48.8579 783.964
-127.546 50.0901 782.601
-128.138 49.7284 784.489
-127.588 50.2173 782.173
-127.571 49.6554 781.947
-128.062 49.6795 783.825
-127.631 50.3726 782.881
-128.512 48.4908 785.603
-128.037 49.9164 782.808
-128.078 48.8384 782.68
-128.213 50.3407 782.613
-127.694 49.8596 780.693
-128.113 50.1564 783.382
-128.74 48.9145 784.3
-128.656 50.2562 783.589
-129.12 48.5559 783.341
-128.549 49.5308 781.707
-128.872 48.4361 782.962
-128.803 48.7487 784.594
-128.327 50.4344 783.319
-128.18 50.7912 782.107
-128.956 49.3406 784.009
-128.568 50.455 782.999
-129.19 48.9917 783.887
-128.695 49.6775 783.922
-128.342 50.8517 782.244
-129.014 49.2977 783.621
-128.704 50.3389 782.966
-129.207 48.9618 783.788
-128.381 49.5648 781.791
-128.686 49.3607 782.481
-128.401 50.4042 781.883
-128.898 49.4822 783.346
-128.758 49.7412 782.814
-128.375 50.019 782.232
-128.788 49.5315 783.3
-128.588 48.8729 782.068
-129.062 49.6268 783.399
-128.701 48.6083 782.472
-128.866 49.1058 783.906
-129 50.1514 783.207
-128.623 50.2124 781.241
-129.044 49.8552 783.419
-129.214 49.1255 783.09
-128.836 49.9372 781.911
-128.967 49.1468 782.13
-128.535 50.0578 781.427
-100.299 59.16 771.402
-99.96 59.0501 770.608
-99.9259 59.075 771.792
-99.9319 59.8188 770.731
-100.507 59.417 772.825
-100.187 58.477 770.723
-100.628 58.5897 771.422
-100.3 59.0826 770.505
-100.302 58.5983 770.593
-100.317 59.5096 770.846
-100.219 58.9783 770.535
-100.773 59.5821 771.641
-101.1 58.4214 771.961
-100.247 58.838 769.872
-100.579 59.4003 771.549
-100.622 58.1916 772.347
-100.551 58.6147 770.948
-100.65 58.5512 771.482
-100.903 59.0624 772.244
-100.602 58.2258 771.56
-100.127 59.0625 770.294
-100.746 59.6874 771.907
-100.985 58.4337 771.696
-100.482 58.9925 770.406
-100.628 59.3115 771.634
-100.954 58.5518 772.274
-100.251 58.7108 770.519
-100.848 59.3516 771.429
-101.133 58.3855 771.905
-100.827 59.4584 771.46
-100.685 59.3204 770.817
-100.702 58.5733 770.425
-100.945 59.3689 770.991
-101.299 59.3804 772.069
-100.706 60.0204 771.254
-101.309 59.2142 772.458
-100.887 59.1679 770.551
-101.381 59.2333 771.464
-101.396 60.0975 771.012
-100.93 59.6573 770.755
-102.475 56.1713 771.891
-105.919 53.8587 775.224
-96.0505 60.0382 765.593
-102.748 56.6056 772.151
-101.083 59.6541 769.896
-100.949 59.7572 770.847
-100.959 59.8417 770.082
-100.886 60.0403 770.667
-100.829 59.8481 770.272
-100.96 58.8698 770.134
-100.947 59.8777 769.764
-101.107 59.8354 771.197
-101.302 58.816 771.467
-101 59.2707 770.138
-101.495 58.9186 771.077
-101.414 59.2967 771.67
-101.077 58.5367 770.916
-100.826 59.6518 770.075
-101.201 58.9283 770.675
-101.572 59.4447 771.497
-101.336 59.9749 771.28
-101.384 59.358 772.139
-101.234 60.3102 771.034
-101.444 59.2648 771.656
-101.136 58.5187 770.485
-100.789 60.0194 769.98
-101.322 60.1849 771.447
-101.568 59.046 771.605
-101.096 58.4199 770.407
-100.863 59.7866 769.922
-101.615 60.1853 771.564
-101.265 58.9081 770.226
-101.726 58.5258 772.291
-101.32 58.2688 770.29
-100.876 59.7625 770.052
-101.591 59.5428 772.079
-101.295 58.7584 770.44
-101.711 59.1812 771.568
-101.2 59.1822 769.677
-101.13 60.4307 770.596
-101.6 59.5172 771.904
-101.144 58.6922 770.005
-101.8 59.1562 770.836
-101.181 59.779 769.283
-101.55 60.2199 771.286
-101.139 60.0287 769.716
-101.886 60.0271 771.893
-101.596 59.1786 770.132
-100.893 60.4885 768.488
-101.742 60.0038 771.154
-101.893 59.2271 771.301
-101.382 59.4674 769.802
-101.693 60.358 770.788
-102.105 59.1747 771.065
-101.721 58.4633 769.764
-101.748 60.0188 770.085
-102.188 59.7822 771.31
-102.072 58.7949 770.536
-102.312 59.9829 771.535
-101.763 60.4284 770.32
-73.5511 69.1999 758.645
-73.6926 69.0365 758.816
-73.5942 69.3039 759.319
-73.8793 69.1697 759.676
-73.4539 69.7899 758.753
-73.9689 69.325 759.952
-73.6855 68.7501 758.842
-73.3483 69.5114 758.063
-74.0686 69.2376 759.66
-73.6772 68.6905 759.058
-73.3534 69.3318 758.35
-73.4944 68.4347 758.582
-73.1796 69.0562 757.712
-73.5705 69.6168 759.653
-73.1231 69.5126 758.271
-73.694 69.673 759.598
-73.443 69.6846 758.657
-73.8594 68.8202 759.867
-73.6884 69.3215 759.348
-73.5477 68.5663 759.697
-73.1805 68.5911 758.059
-73.3497 69.7186 758.439
-73.8141 69.1649 759.879
-73.8864 68.1483 759.61
-74.029 69.1812 760.013
-73.6185 68.2812 758.639
-73.0425 69.0546 757.422
-73.4468 68.1131 758.063
-73.5052 69.6417 758.213
-73.574 68.48 758.277
-73.5513 69.4411 758.356
-73.9763 68.9763 759.591
-74.0381 68.0847 759.302
-73.3305 68.5555 757.634
-74.2566 69.714 758.921
-74.5851 68.6479 759.908
-73.6907 68.0808 757.953
-73.5108 69.3539 758.276
-74.0083 69.0473 759.701
-73.8679 68.0997 758.876
-74.2415 68.5801 760.16
-73.7547 67.7255 759.348
-73.3089 69.1215 757.946
-73.74 68.18 758.562
-73.309 69.2324 757.502
-73.892 69.6409 759.3
-74.0483 68.4942 759.701
-73.4976 68.3716 758.301
-73.3036 69.5574 757.936
-74.034 69.6435 759.671
-73.3376 69.4129 758.121
-73.7973 69.5198 759.805
-73.5649 69.0374 758.424
-74.3011 69.1241 759.853
-74.0078 68.0291 759.58
-73.229 68.224 757.801
-74.2629 68.2916 759.25
-74.4946 68.9349 759.783
-74.0027 68.0456 758.645
-73.5578 69.1613 757.882
-74.33 69.2793 759.054
-74.41 68.5127 759.58
-73.8518 68.023 758.278
-73.4858 69.5243 757.859
-73.8575 68.296 758.475
-73.7952 69.3111 758.418
-74.0806 69.3697 759.895
-73.8152 68.1336 759.475
-73.4989 68.7665 757.963
-74.0354 69.6107 758.493
-74.498 68.7642 759.505
-73.9441 68.1603 757.982
-73.8661 69.5014 758.461
-74.2316 69.2208 759.778
-74.2 67.9533 758.89
-73.6417 68.8143 757.554
-73.9156 69.7555 759.085
-74.1874 69.2294 759.924
-73.5156 68.0522 758.017
-74.2774 68.3749 759.835
-74.1255 69.4851 759.766
-73.3844 69.425 758.278
-73.5273 68.4436 758.067
-73.6832 69.9061 758.536
-74.2501 68.8749 760.007
-73.7931 67.719 758.815
-73.7108 68.924 758.142
-74.3145 69.4491 759.65
-74.4996 68.3156 759.555
-73.9222 68.1388 758.22
-74.091 68.1256 759.785
-73.7619 68.3216 758.187
-73.97 69.3703 758.355
-73.73 68.4605 757.953
-74.1371 69.3007 759.12
-74.2956 68.3516 759.709
-73.8655 68.5377 758.39
-73.854 69.3446 758.23
-74.1981 69.0487 759.518
-73.9242 68.4801 758.702
-46.0522 78.787 747.084
-45.6632 78.3231 747.315
-45.6537 78.2744 747.14
-45.36 78.477 745.825
-45.9299 77.8031 746.517
-46.4813 78.0493 747.36
-45.3796 77.9631 745.544
-45.7408 79.3045 746.94
-46.3815 78.7851 748.443
-45.7879 77.7722 746.755
-46.5276 78.6084 748.377
-46.0752 79.001 747.538
-45.8247 78.1059 747.725
-45.2998 78.0567 746.269
-46.2198 77.733 747.642
-46.199 78.5058 748.167
-45.8734 77.4767 747.062
-45.3156 79.0284 746.036
-45.852 79.0717 747.057
-46.0062 77.9105 747.177
-45.6207 78.9218 745.919
-45.837 78.6181 747.7
-46.165 77.7232 748.073
-45.5353 78.5596 746.165
-45.7086 77.6599 746.454
-45.5459 78.6746 745.934
-46.2012 78.585 747.828
-46.0379 77.5585 747.305
-45.5133 78.7217 745.959
-46.1172 79.0239 747.549
-46.5356 78.0614 747.807
-45.8364 77.9267 746.092
-46.0016 78.8889 746.629
-45.6379 78.2097 745.901
-46.2198 77.9089 747.177
-46.5314 78.8322 748.511
-45.7905 79.1909 746.619
-46.1257 78.354 747.721
-45.6078 77.9496 746.048
-46.5417 77.9817 747.664
-45.4799 78.369 745.429
-46.0405 78.8671 747.096
-46.4052 78.1353 748.478
-45.5176 77.7716 746.052
-46.1982 78.8249 746.808
-46.6309 78.6072 748.255
-45.9232 77.5477 747.374
-46.3918 78.3856 748.483
-45.8613 77.4924 746.598
-46.796 77.6926 748.315
-45.8741 77.6447 746.353
-45.7909 78.6252 746.558
-46.4479 78.3029 748.405
-45.8307 77.5153 746.659
-45.5222 78.2835 745.495
-45.7903 77.4889 746.22
-45.7809 78.7265 746.492
-45.8918 77.8807 746.503
-45.8297 78.7754 746.081
-46.5273 78.9272 748.201
-45.9631 77.6697 747.122
-45.4891 78.6535 745.863
-46.414 79.2819 747.738
-45.9126 78.8431 746.111
-46.5745 78.587 747.974
-46.0294 77.7071 746.989
-45.5166 78.3632 745.775
-46.0741 77.4005 746.349
-46.8517 77.7703 748.035
-46.1624 77.7891 746.152
-45.9264 79.1637 746.479
-45.6229 77.5786 745.702
-46.2543 77.3019 746.422
-45.6664 78.402 744.904
-46.3694 79.2209 747.659
-45.4528 78.8348 745.641
-46.4677 78.7408 747.606
-46.1666 77.7693 747.26
-46.2946 78.8194 748.265
-45.9382 78.8289 747.176
-45.4942 78.3451 745.846
-46.1383 79.0726 747.417
-46.4947 77.7906 748.311
-45.5803 77.3114 746.024
-45.2259 78.8484 745.935
-46.3589 79.0763 748.468
-46.3259 77.8501 747.942
-46.1404 78.5327 748.225
-45.8302 78.9325 747.213
-46.2034 78.5605 748.475
-46.0758 77.4087 747.32
-45.3812 78.013 745.498
-45.6494 79.1035 746.786
-45.5893 77.8307 746.582
-45.9977 78.9853 747.008
-46.4362 78.3546 748.32
-45.4755 79.1631 746.467
-46.2458 78.5578 748.121
-45.8428 77.2868 746.341
-45.6566 78.0244 745.324
-18.266 87.7971 735.368
-18.3811 87.6188 735.088
-18.3264 88.1975 735.543
-18.5358 87.3612 735.403
-17.9848 87.3552 734.244
-18.369 88.2262 735.898
-18.4711 87.5771 736.574
-17.9346 87.1993 734.659
-17.8553 87.8919 734.445
-18.521 87.7761 736.15
-18.5146 87.0456 735.756
-18.4827 87.6074 735.848
-18.0885 87.189 734.834
-18.0161 87.6829 734.28
-18.3779 88.317 735.96
-17.8286 87.7672 734.732
-18.6736 88.0919 736.375
-18.2372 87.9299 734.808
-18.6159 87.9035 736.037
-18.1245 87.0045 734.943
-17.7176 88.0548 734.126
-18.6867 87.4057 736.32
-17.7896 88.3107 734.142
-18.3991 87.6712 735.224
-18.3547 87.7895 735.086
-18.7752 87.5404 735.928
-17.7363 88.0501 734.141
-17.7481 88.4972 734.362
-18.273 88.776 734.633
-18.2747 89.4021 735.04
-18.0019 87.6146 734.794
-17.9315 89.0473 734.83
-18.3502 88.2495 735.732
-17.3736 88.2152 733.806
-18.2224 88.8713 735.178
-17.4305 87.9786 733.924
-18.1728 88.5945 735.035
-17.7977 87.7505 734.05
-17.313 88.4174 733.432
-17.9067 87.6023 734.902
-17.1712 88.1505 733.678
-17.0491 88.0268 733.578
-18.5633 87.2744 735.98
-17.1775 88.4629 733.353
-17.3364 88.3104 733.214
-17.4861 87.8288 732.904
-18.7332 88.3006 735.038
-17.3093 88.3672 732.909
-18.7186 87.9717 735.774
-18.4652 87.7957 735.922
-18.3074 87.629 736.027
-18.0137 88.9335 735.237
-18.0438 87.2883 734.857
-18.3792 88.2171 735.72
-17.7842 87.8011 734.11
-18.7621 87.6246 735.792
-17.7329 88.1044 733.818
-18.4271 87.4675 734.926
-18.0778 88.0959 733.947
-18.358 87.4089 734.329
-18.2468 88.465 734.195
-17.9999 87.9698 733.739
-18.6728 88.3566 735.101
-18.8636 88.1367 735.414
-17.6745 88.7363 733.592
-18.7398 87.6056 735.961
-18.26 87.4999 735.204
-18.3973 88.9195 735.337
-17.8162 87.444 734.278
-19.0063 87.7048 736.232
-17.6838 87.9834 733.442
-18.787 87.263 735.179
-18.0352 88.1047 733.787
-18.6371 87.4506 734.745
-18.6448 88.2296 734.531
-18.8107 88.0747 734.841
-18.0244 88.1784 733.394
-18.9959 88.0763 735.421
-17.6651 88.5003 733.197
-18.8864 87.5859 736.028
-17.9694 88.8299 734.309
-18.4233 87.1304 735.355
-18.6095 88.769 735.526
-18.3837 87.5212 734.278
-19.1211 87.4565 735.89
-18.4099 88.0231 733.638
-19.1099 87.1952 734.954
-18.5692 88.0402 734.318
-18.8208 87.287 734.823
-18.2963 88.1656 733.953
-18.4974 88.2027 734.394
-18.1857 87.6481 733.947
-18.3872 88.4389 734.47
-18.5397 87.8422 734.872
-17.8622 88.5493 733.769
-18.221 88.198 734.367
-18.238 88.4859 734.336
-17.9188 88.5134 733.831
-18.419 88.1665 735.313
-18.4373 88.1212 735.402
