2 3 1 1
6 3 3 1
8 3 4 2
9 3 6 2
10 4 3 2
11 4 10 3
13 10 5 2
15 9 11 3
17 9 10 2
20 9 7 1
22 4 8 3
25 4 5 0
27 9 5 1
28 4 4 1
29 5 10 2
31 7 0 0
32 0 1 0
33 3 5 1
34 4 0 1
38 7 10 2
39 9 9 3
42 4 2 1
53 2 5 0
54 6 5 0
57 8 10 3
59 4 9 0
60 3 7 1
63 9 7 3
66 3 8 2
69 8 6 1
75 9 6 0
79 6 1 0
80 6 10 3
83 5 5 1
87 12 0 1
92 6 6 3
93 4 3 0
97 11 1 1
101 4 9 2
102 8 11 2
106 9 12 2
110 12 5 2
112 1 7 3
115 5 9 1
116 9 3 1
117 5 5 3
119 10 8 1
120 0 10 3
125 7 4 2
128 0 4 3
132 0 5 0
133 8 1 0
136 1 3 3
138 4 5 2
145 4 7 2
147 3 10 2
150 11 10 2
159 11 6 2
160 1 0 0
162 1 2 0
163 9 9 1
168 1 5 3
171 5 4 2
172 6 9 0
173 6 0 1
174 5 1 1
181 2 9 0
182 4 12 3
189 6 2 1
191 8 5 0
192 0 6 3
193 7 5 3
199 3 6 0
200 4 7 0
201 9 8 0
204 5 8 0
206 0 9 0
208 7 5 1
209 2 10 3
210 8 7 0
213 4 8 1
215 6 7 2
216 9 8 2
217 10 0 1
218 7 9 1
219 9 4 0
222 11 9 1
227 6 3 2
230 3 12 2
234 2 4 3
236 9 2 0
237 5 6 2
243 6 5 2
246 8 12 3
247 5 0 0
249 8 6 3
251 11 5 1
253 3 11 3
261 5 6 0
262 10 2 1
264 0 8 3
267 5 11 3
268 8 4 3
272 6 7 0
274 1 4 0
275 9 6 2
278 5 7 1
279 4 6 3
285 1 8 0
288 0 3 0
294 12 11 2
295 6 4 3
299 0 12 3
301 3 9 3
304 7 8 2
309 9 0 0
310 7 3 3
312 11 7 1
315 8 9 0
317 6 4 1
318 11 3 1
321 8 9 2
322 11 4 2
323 1 9 3
324 5 9 3
327 8 4 1
332 1 6 0
333 8 7 2
335 10 6 1
339 5 2 0
342 1 11 3
344 5 8 2
345 12 3 2
346 5 12 2
347 10 11 2
348 8 2 1
352 7 2 0
357 5 4 0
359 7 6 0
361 6 6 1
362 3 3 3
366 2 3 0
368 2 7 0
369 4 11 2
372 7 6 2
377 3 7 3
378 3 5 3
379 8 0 1
380 4 1 0
382 6 8 1
383 10 7 2
389 4 6 1
394 6 12 3
395 9 5 3
398 3 0 0
399 5 3 1
401 6 3 0
402 0 7 0
404 2 8 3
405 8 5 2
407 7 1 1
412 2 12 3
414 3 2 0
415 6 11 2
416 7 7 1
417 8 8 1
419 12 2 1
420 12 9 2
425 3 9 1
426 2 1 0
432 6 8 3
437 7 8 0
438 12 7 2
440 7 12 2
441 11 12 2
445 5 3 3
446 8 8 3
453 5 7 3
454 6 9 2
456 12 6 1
457 9 1 1
461 10 9 2
465 7 3 1
467 4 4 3
468 9 3 3
470 3 4 0
476 7 11 3
478 8 3 2
479 7 7 3
480 12 8 1
483 2 6 3
484 9 4 2
485 7 9 3
496 10 3 2
498 8 3 0
499 3 8 0
503 10 4 1
504 12 4 1
506 11 8 2
509 7 4 0
513 3 3 2
515 3 4 1
516 3 0 1
517 3 2 1
519 9 10 3
524 8 10 2
526 6 5 3
530 3 9 2
531 11 5 2
533 4 1 1
536 0 9 3
542 9 12 3
548 0 4 0
549 4 9 3
553 9 6 1
555 8 0 0
556 5 5 0
557 5 6 1
559 4 7 3
560 3 6 1
561 4 3 1
563 6 10 2
564 11 2 1
567 9 8 3
570 3 5 0
574 9 4 1
576 0 3 3
577 3 5 2
579 4 6 0
584 3 7 2
585 9 7 0
588 10 1 1
593 4 4 2
594 4 6 2
597 5 3 2
598 5 12 3
600 8 5 3
602 3 10 3
603 9 5 0
607 4 11 3
608 5 7 0
610 1 5 0
612 7 4 3
616 8 8 2
619 10 10 2
623 10 6 2
626 0 8 0
630 7 9 0
633 11 6 1
634 6 3 1
635 8 11 3
638 3 9 0
639 6 0 0
641 5 10 3
643 8 5 1
646 6 6 0
649 6 2 0
652 4 8 2
653 9 11 2
654 8 3 1
655 1 10 3
656 0 6 0
660 1 3 0
663 8 6 0
665 9 9 0
666 6 5 1
667 9 7 2
668 3 11 2
669 3 4 3
670 5 1 0
673 1 8 3
678 8 3 3
679 10 7 1
681 8 6 2
687 5 8 1
689 0 11 3
690 3 8 3
691 3 3 0
692 6 7 1
695 11 11 2
696 6 8 2
697 8 1 1
700 3 6 3
706 9 9 2
707 5 9 2
714 11 0 1
715 4 4 0
717 12 4 2
724 8 9 1
732 10 12 2
733 9 3 0
735 10 5 1
736 9 2 1
737 6 11 3
738 5 6 3
741 1 12 3
743 5 4 1
745 1 7 0
747 5 11 2
751 4 2 0
752 12 9 1
753 3 1 0
754 8 4 2
760 6 7 3
764 6 12 2
767 11 7 2
768 0 0 0
770 8 7 1
771 7 1 0
772 0 2 0
778 4 5 1
782 9 8 1
783 12 1 1
788 1 1 0
789 5 0 1
792 1 6 3
793 5 9 0
794 3 8 1
795 10 9 1
798 6 4 2
799 9 6 3
802 9 5 2
804 12 10 2
808 6 9 3
810 5 3 0
814 4 10 2
817 8 12 2
818 12 12 2
823 7 11 2
826 5 4 3
828 8 9 3
831 7 5 0
832 0 5 3
840 7 6 1
846 4 9 1
848 1 4 3
849 2 3 3
852 2 0 0
855 5 2 1
861 5 5 2
866 6 8 0
867 1 9 0
870 9 1 0
872 2 9 3
875 5 7 2
879 7 0 1
882 6 1 1
885 2 2 0
886 12 6 2
896 0 7 3
897 10 4 2
898 5 8 3
900 7 9 2
902 2 6 0
909 4 12 2
912 8 2 0
920 3 7 0
922 6 6 2
923 6 9 1
934 7 7 2
935 10 3 1
936 11 3 2
940 7 7 0
941 2 4 0
942 2 8 0
943 4 5 3
945 7 12 3
946 6 4 0
947 3 12 3
948 12 8 2
951 6 3 3
956 11 8 1
959 11 4 1
960 12 7 1
970 7 10 3
971 7 6 3
974 2 7 3
975 7 3 2
978 11 9 2
981 2 5 3
984 12 5 1
985 4 8 0
986 8 8 0
987 9 0 1
993 9 4 3
994 4 7 1
999 4 0 0
1000 7 4 1
1002 2 11 3
1003 7 2 1
1004 7 3 0
1005 4 3 3
1006 7 5 2
1009 12 3 1
1012 7 8 1
1014 7 8 3
1017 10 8 2
1019 8 7 3
1020 9 3 2
1022 8 4 0
