7 48.5692029289419 17.0801759644003 309.982102509221
8 43.6690355186210 17.0912685459054 309.639328197512
9 38.7967807409387 17.0381149362319 309.304583310668
10 33.8903783823585 17.0355304082379 309.006004141701
11 29.0144084220112 17.0006388659324 308.722393809582
12 24.1206395636890 16.9863925123202 308.382935316219
22 48.3792163804928 20.9917206053170 312.884774089858
23 43.4988356860223 20.9391075321217 312.618414734311
24 38.5947228485095 20.9213370640141 312.286038113474
25 33.7197875185208 20.8463233857930 312.060618121450
26 28.8365540945737 20.8279025923653 311.737381654686
27 23.9439248157191 20.7747099255879 311.430026179145
37 48.1378295269821 23.9952853645250 316.682637366868
38 43.3148347191063 23.9303789479169 316.438938020132
39 38.3531854052200 23.8748926609142 316.098097916267
40 33.5447892601385 23.8134020666305 315.855464279187
41 28.5860265960737 23.7411347227790 315.597432787533
42 23.7782234282613 23.6882929967439 315.320488656356
52 47.9508858382685 26.0357259660101 320.993359851251
53 43.0440238031377 25.9307860623144 320.715770481407
54 38.1660090796980 25.8087156785643 320.611604803750
55 33.2764661499448 25.7524231061161 320.254834554743
56 28.4096608899886 25.6732618619856 320.033075241366
57 23.5255439506215 25.6013211804967 319.711753362777
67 47.6806483208512 26.9165103102201 325.683561448560
68 42.8791008503831 26.8148541461934 325.471421186114
69 37.9150527363560 26.7165068288414 325.234100833423
70 33.1186305598901 26.6226351772767 325.005736721199
71 28.1538510514493 26.5707079900439 324.705267930813
72 23.3512673291213 26.4385567340399 324.540430787108
82 47.5092400055524 26.6487909894680 330.546595321756
83 42.6373719085004 26.5000156204574 330.354411251838
84 37.7499699004023 26.4083630168572 330.108275667837
85 32.8662709015309 26.3726297198987 329.817160343761
86 27.9969254885937 26.3158592960108 329.570061482369
87 23.1136252573523 26.2225574492937 329.325391946111
97 47.3351182472713 25.2674814407049 335.093177581274
98 42.5242896494987 25.0922207284815 334.920854592650
99 37.5842997249667 25.0008669032380 334.664766841567
100 32.7704254506381 24.9202963784178 334.377840812708
101 27.8308978235894 24.8782886493715 334.081395515659
102 23.0287324257315 24.6988820627865 333.887847103359
112 47.2625077185179 22.7416619433439 339.371972753509
113 42.3704506514949 22.6546818175674 339.090314980688
114 37.5128141742162 22.4624693778056 338.905409614988
115 32.6074336533086 22.4400492818973 338.600290537074
116 27.7665844227313 22.2631899501571 338.441324912887
117 22.8530806077949 22.2671049145545 338.114036511101
127 47.2342203708441 19.3598163875347 342.668924171153
128 42.4306998028223 19.2509745353938 342.450036189716
129 37.4986169934265 19.0209314334136 342.212174201473
130 32.7043071991676 18.9656121477001 342.008384787376
131 27.7716160458048 18.9012390552035 341.728032952430
132 22.9638520922618 18.6231772876331 341.499713650553
142 47.2781420809476 15.2098189191133 345.224453641782
143 42.3920105155000 15.0389790314734 344.963560128711
144 37.5085438111034 14.8898350961207 344.708827548823
145 32.6106069066559 14.7898588665780 344.477600329313
146 27.7386492958136 14.6002583339280 344.215312410571
147 22.8533416094234 14.4721926156387 344.005621863789
157 47.3451541874815 10.5936583073785 346.620695843678
158 42.5714234922395 10.2768015785236 346.312447215221
159 37.5946106656957 10.2535876516604 346.090763589408
160 32.7931454828471 10.0269717907374 345.791647076291
161 27.8116644318198 10.0125127658778 345.625894338544
162 22.9987881695822 9.84638649154764 345.448336069328
172 47.5598622743367 5.69530142941209 346.817382449204
173 42.6249758290216 5.59771261737095 346.597196705396
174 37.7868730346169 5.39065410268577 346.286222270232
175 32.8669706596625 5.27727024608506 346.087044515706
176 28.0131430000926 5.08053329953497 345.768520249800
177 23.1020284580732 4.97391944512468 345.578369978136
187 47.7362393120910 1.03837891139050 345.882038234075
188 42.9391101760162 0.840955720394004 345.541279607821
189 37.9622958728657 0.685045947041058 345.343315477140
190 33.1526159211193 0.447719982789076 344.914300059389
191 28.2079028137048 0.377599830115289 344.797774764653
192 23.4134476475330 0.204676558721261 344.493429675594
202 48.0782858184123 -3.29206701192859 343.780169684870
203 43.1915925034197 -3.46666117939802 343.505824370201
204 38.3291982423354 -3.69246457950026 343.107902180715
205 33.4589314851668 -3.77858679053461 342.921067778976
206 28.5844957222725 -3.99471974963443 342.528819324598
207 23.7136384196018 -4.09277664718373 342.358467947555
217 48.3841200309744 -7.10139114119589 340.772916431332
218 43.5768881939163 -7.27284951653012 340.381164623661
219 38.6088351171279 -7.40672573713205 340.137019553218
220 33.8098469474097 -7.54486888391470 339.786553847369
221 28.8614605090558 -7.68758026036056 339.450611839965
222 24.0684109164084 -7.82672679679062 339.090176813692
232 48.8301465852796 -9.94489986952427 336.743706747207
233 43.9556547345243 -10.0766814832846 336.526754900100
234 39.0753492819170 -10.2103770969784 336.025611288600
235 34.1846098839359 -10.3264863980265 335.831489481686
236 29.3193055569809 -10.4649543866082 335.267613178516
237 24.4003657580242 -10.6492259311721 335.145893501633
0 25.0227136597328 4.03815711672598 305.816660411753
1 29.8888433758250 4.16358790946394 306.115125588287
2 34.8054057842485 4.28753441198265 306.456268388985
3 39.6584700811753 4.42917652615604 306.768369775959
4 44.5675949427938 4.57021070981541 307.182965984438
5 49.4189256098840 4.71488676734581 307.580407642753
15 25.0469420715275 -0.687550023940792 307.009784063286
16 29.9388414131222 -0.532692435943536 307.403286948865
17 34.8236074044736 -0.422341808506371 307.710366013556
18 39.7128109874743 -0.291593632644535 307.992467030817
19 44.5916067357140 -0.147528963415144 308.393202424875
20 49.4919621371563 -0.0251110009152553 308.756676198616
30 25.0126771188211 -4.91828742631657 309.396861350996
31 29.9117599970660 -4.76695827611242 309.769496203954
32 34.7931089380422 -4.64903249024763 310.041690486742
33 39.6952302072425 -4.52023654672944 310.380699535098
34 44.5521313963476 -4.46326553247561 310.629676408807
35 49.4760709484066 -4.29588421613214 310.969590599989
45 24.9404323143716 -8.40754002643482 312.674401501204
46 29.8125949135927 -8.28374127025451 313.082423974439
47 34.7069647899716 -8.16881627171970 313.355949353434
48 39.5908415864721 -8.04955667442286 313.653967938411
49 44.4732432109381 -7.95509890568425 313.908992152687
50 49.3669418808888 -7.92196423309980 314.209303866525
60 24.7410559789449 -10.9924344719913 316.784197763669
61 29.7020380644187 -10.8835096699107 317.144900042511
62 34.5406830149863 -10.8011355894189 317.543369408043
63 39.4763746463890 -10.7132269391093 317.799444623417
64 44.3018892873439 -10.6031104951179 318.025381131217
65 49.2580424355698 -10.5044633966029 318.269777637231
75 24.4848221784724 -12.3181889324730 322.419931320112
76 29.3972771153666 -12.1943276154984 322.650054487728
77 34.2424021442187 -12.0386342431412 322.865104713152
78 39.1662333070099 -11.9057351554826 323.087338306449
79 44.0115230858251 -11.7919160688908 323.325233549875
80 48.9362053257296 -11.6661961160487 323.551263686155
1001 103.119455509292 20.2287962890477 332.756065064223
1002 109.737990299978 49.8610188026219 334.869150792955
1003 100.385230832603 52.0301823252862 334.430153267773