1 -36.3701763519356 40.7148922583977 -373.573863932127
2 -41.0672536879566 40.7016778259888 -373.745989067212
3 -45.8600547168814 40.7051691262332 -374.195394355598
4 -50.5849752766963 40.7006964958353 -374.401480427921
5 -55.3676159775323 40.6909376832907 -374.674911508104
6 -60.1069871784602 40.6907345044084 -374.967385842411
7 -36.3489880710311 45.4437564205730 -372.972871278135
8 -41.1274194338535 45.4400480810924 -373.340910783458
9 -45.8501093458557 45.4387015907409 -373.522484104459
10 -50.6288385318772 45.4320401654720 -373.866908665502
11 -55.3578510065200 45.4300235069335 -374.149490122148
12 -60.1830877062834 45.4306612798493 -374.538022128347
13 -36.3579880380656 50.0890128439218 -373.617033065637
14 -41.1143276770417 50.0960645023101 -373.940301674146
15 -45.8425284008082 50.0766601522876 -374.164962182377
16 -50.6269742375784 50.1063406750690 -374.567238674226
17 -55.3440102950036 50.0779740162255 -374.636243097126
18 -60.1511958641573 50.1149933735223 -375.102696321107
19 -36.3123236141550 54.3994107114334 -375.374625631717
20 -41.0593270244170 54.3953993354102 -375.670227855528
21 -45.8046504818996 54.4065760924123 -375.937870353208
22 -50.5523716272812 54.3915942544481 -376.140328652868
23 -55.2915485233792 54.4013750948057 -376.402707651954
24 -60.0812274176273 54.4025305085875 -376.707426550629
25 -36.2754039355078 58.0794488875584 -377.871037233307
26 -40.9236758022215 58.1581792929056 -378.609586273831
27 -45.7448843257602 58.1052211311557 -378.544120829219
28 -50.4074735715787 58.1056492690372 -378.776365119778
29 -55.2500932773265 58.1434082840369 -379.235972701818
30 -59.9157495608597 58.0853684315869 -379.198591603785
31 -36.1221264144589 61.0295172151382 -381.800926811017
32 -40.8426474135020 61.0560312237029 -382.154236715773
33 -45.5990334389367 61.0289358608742 -382.228639042580
34 -50.3173252027274 61.0994807349548 -382.936921908456
35 -55.0746093675517 61.0470947114658 -382.790463779724
36 -59.8714337252100 61.1512302182808 -383.691808162600
37 -35.9956660371867 63.2963590279207 -385.808363602905
38 -40.5835248895546 63.3179245015459 -385.923426080828
39 -45.4287724398016 63.2330067863154 -386.481489907753
40 -50.0280282307250 63.2873611351719 -386.533675769331
41 -54.9662670242731 63.1315185116454 -387.388245859194
42 -59.5243979753825 63.1910342927203 -387.115922129181
43 -35.6473581551932 64.1762561528379 -390.197298538710
44 -40.4403033696518 64.3284982875043 -390.210006452473
45 -45.0783966269606 64.1591846445206 -390.678466600075
46 -49.8706999893995 64.1922846194512 -390.839856515813
47 -54.5163022853363 64.2320699071787 -391.028593748196
48 -59.3709411821800 63.9828578039055 -391.547736707769
49 -35.5021905099777 63.7924146814883 -394.616726803518
50 -40.2380560754349 63.8929489535888 -394.741120543353
51 -44.9288188352087 63.5861798363800 -395.352206016816
52 -49.6414417794111 63.8661206131376 -395.191835755781
53 -54.3585338494974 63.6698439709419 -395.678185848060
54 -59.0772700845312 63.8749414917285 -395.612783815769
55 -35.1312075869321 62.8401138882162 -399.714931872172
56 -40.0133694244126 62.8811481818250 -399.636196426425
57 -44.6435247735762 62.9012733552480 -399.925114808028
58 -49.4946343704532 62.7328044030601 -400.291665247096
59 -54.0906072547514 63.1218594436999 -400.226747632103
60 -59.0056877756252 62.5878115192784 -400.866488886410
61 -35.0575159235477 60.6049340811403 -403.653383206262
62 -39.7153776478054 60.6776943567526 -404.006933418685
63 -44.6048561241643 60.5592989006432 -404.342345539527
64 -49.2522255530305 60.6710439926293 -404.588909525969
65 -54.1816772520113 60.1866605821029 -405.031735365200
66 -58.7539890503791 60.4256156352863 -404.975563883074
67 -34.9408182066902 57.2102883772548 -407.021249660510
68 -39.6470690722865 57.2640218278616 -407.290863986383
69 -44.3639383407144 56.9558727160810 -407.542823305051
70 -49.2068408910447 57.3582150755360 -407.806944318524
71 -53.8255607843276 57.2288310608937 -408.079615257614
72 -58.7216346163750 57.2767037970147 -408.317197591980
73 -34.9240473875013 53.3870334235610 -409.434288442544
74 -39.6325697792806 53.5834041896980 -409.777396958856
75 -44.3557672202915 53.4553148898502 -409.984338657851
76 -49.0577001673435 53.4784962653588 -410.265650989154
77 -53.8021418979385 53.6279372204789 -410.573111151749
78 -58.5440970517031 53.3772790808352 -410.741210394173
79 -34.9604235323829 49.0812269694804 -410.799830402451
80 -39.7588371564954 49.2284846835234 -411.127660049311
81 -44.3606853125117 49.3956693681831 -411.440701271435
82 -49.1172317384144 48.9091960128460 -411.803113066664
83 -53.7839050332300 49.4326348199550 -412.023156637934
84 -58.6797360707295 48.5684478146044 -411.966019449457
85 -35.0788525984432 44.2579772914143 -411.338315326854
86 -39.7157850310582 44.5974265856169 -411.846160356923
87 -44.5267646506950 44.0358134165196 -411.735278535582
88 -49.1519308861678 44.1719699391024 -412.154481389175
89 -54.0283193494090 43.9841566259286 -412.237792320003
90 -58.7047740742129 44.7350147400044 -412.943488858237
91 -35.0947732308378 39.5690286361341 -410.576998376173
92 -39.9377968950901 39.8153168891234 -411.122837192257
93 -44.5436567926854 39.7660895075751 -411.303454984968
94 -49.4039249775554 39.6007576345978 -411.385766136367
95 -54.0214306922018 39.9271558665740 -412.005006105919
96 -58.7966552282854 39.6004883705793 -412.083389603473