0.1283 -0.7479 1.0679
0.1348 -0.7495 1.0976
0.1442 -0.7497 1.0956
0.1278 -0.7482 1.0688
0.1343 -0.7498 1.0985
0.1437 -0.7500 1.0965
0.1273 -0.7481 1.0687
0.1339 -0.7497 1.0984
0.1433 -0.7498 1.0964
0.1266 -0.7486 1.0696
0.1332 -0.7501 1.0993
0.1426 -0.7503 1.0972
0.1256 -0.7492 1.0702
0.1322 -0.7507 1.0999
0.1416 -0.7509 1.0978
0.1250 -0.7496 1.0708
0.1316 -0.7511 1.1005
0.1410 -0.7513 1.0985
0.1254 -0.7503 1.0738
0.1319 -0.7517 1.1035
0.1413 -0.7519 1.1014
0.1250 -0.7499 1.0724
0.1315 -0.7514 1.1021
0.1409 -0.7516 1.1001
0.1249 -0.7510 1.0783
0.1311 -0.7526 1.1081
0.1406 -0.7528 1.1061
0.1240 -0.7511 1.0769
0.1304 -0.7527 1.1066
0.1398 -0.7529 1.1047
0.1250 -0.7514 1.0781
0.1313 -0.7529 1.1078
0.1407 -0.7531 1.1059
0.1257 -0.7509 1.0732
0.1322 -0.7523 1.1029
0.1416 -0.7525 1.1008
0.1260 -0.7505 1.0731
0.1325 -0.7520 1.1028
0.1419 -0.7522 1.1008
0.1267 -0.7496 1.0713
0.1333 -0.7511 1.1010
0.1427 -0.7513 1.0990
0.1272 -0.7494 1.0716
0.1337 -0.7509 1.1013
0.1431 -0.7511 1.0992
0.1267 -0.7496 1.0711
0.1333 -0.7511 1.1008
0.1427 -0.7513 1.0988
0.1269 -0.7495 1.0706
0.1334 -0.7510 1.1003
0.1428 -0.7512 1.0983
0.1274 -0.7496 1.0731
0.1338 -0.7512 1.1029
0.1432 -0.7514 1.1009
0.1266 -0.7494 1.0719
0.1330 -0.7510 1.1016
0.1424 -0.7512 1.0996
0.1271 -0.7490 1.0714
0.1335 -0.7506 1.1011
0.1429 -0.7508 1.0991
0.1274 -0.7493 1.0713
0.1338 -0.7509 1.1010
0.1432 -0.7510 1.0990
0.1273 -0.7495 1.0707
0.1337 -0.7511 1.1005
0.1431 -0.7513 1.0985
0.1276 -0.7497 1.0715
0.1340 -0.7513 1.1012
0.1434 -0.7515 1.0992
0.1278 -0.7495 1.0705
0.1342 -0.7510 1.1002
0.1436 -0.7512 1.0982
0.1273 -0.7496 1.0704
0.1338 -0.7511 1.1001
0.1432 -0.7513 1.0981
0.1276 -0.7495 1.0709
0.1341 -0.7510 1.1006
0.1435 -0.7512 1.0986
0.1282 -0.7494 1.0721
0.1346 -0.7509 1.1018
0.1440 -0.7511 1.0998
0.1276 -0.7495 1.0707
0.1340 -0.7510 1.1004
0.1434 -0.7512 1.0984
0.1271 -0.7499 1.0722
0.1335 -0.7515 1.1019
0.1429 -0.7517 1.0999
0.1270 -0.7501 1.0722
0.1334 -0.7517 1.1019
0.1428 -0.7519 1.1000
0.1268 -0.7500 1.0704
0.1333 -0.7515 1.1001
0.1427 -0.7517 1.0981
0.1257 -0.7505 1.0707
0.1322 -0.7520 1.1004
0.1416 -0.7522 1.0984
0.1250 -0.7506 1.0713
0.1315 -0.7521 1.1010
0.1409 -0.7523 1.0990
0.1244 -0.7505 1.0706
0.1309 -0.7520 1.1003
0.1403 -0.7522 1.0983
0.1236 -0.7508 1.0730
0.1300 -0.7524 1.1027
0.1394 -0.7526 1.1007
0.1227 -0.7506 1.0700
0.1293 -0.7521 1.0996
0.1387 -0.7523 1.0976
0.1219 -0.7512 1.0713
0.1285 -0.7527 1.1010
0.1378 -0.7529 1.0989
0.1209 -0.7513 1.0698
0.1276 -0.7528 1.0994
0.1369 -0.7530 1.0973
0.1190 -0.7514 1.0695
0.1258 -0.7529 1.0991
0.1352 -0.7531 1.0970
0.1161 -0.7524 1.0731
0.1228 -0.7540 1.1027
0.1322 -0.7542 1.1007
0.1140 -0.7525 1.0712
0.1209 -0.7541 1.1008
0.1303 -0.7543 1.0987
0.1117 -0.7529 1.0716
0.1187 -0.7545 1.1012
0.1280 -0.7547 1.0990
0.1094 -0.7532 1.0711
0.1165 -0.7548 1.1007
0.1258 -0.7551 1.0985
0.1080 -0.7533 1.0691
0.1153 -0.7548 1.0986
0.1246 -0.7551 1.0964
0.1055 -0.7539 1.0685
0.1128 -0.7554 1.0980
0.1222 -0.7556 1.0957
0.1028 -0.7550 1.0717
0.1102 -0.7565 1.1012
0.1195 -0.7568 1.0989
0.0995 -0.7558 1.0707
0.1070 -0.7572 1.1002
0.1163 -0.7575 1.0978
0.0972 -0.7563 1.0713
0.1048 -0.7577 1.1007
0.1142 -0.7580 1.0983
0.0949 -0.7563 1.0676
0.1027 -0.7578 1.0970
0.1120 -0.7581 1.0946
0.0922 -0.7572 1.0700
0.1000 -0.7587 1.0994
0.1093 -0.7590 1.0969
0.0881 -0.7575 1.0688
0.0961 -0.7590 1.0981
0.1054 -0.7593 1.0956
0.0834 -0.7576 1.0669
0.0917 -0.7591 1.0961
0.1009 -0.7594 1.0935
0.0779 -0.7582 1.0659
0.0865 -0.7596 1.0951
0.0957 -0.7600 1.0924
0.0727 -0.7593 1.0660
0.0816 -0.7606 1.0950
0.0908 -0.7610 1.0922
0.0680 -0.7602 1.0652
0.0772 -0.7615 1.0942
0.0864 -0.7619 1.0914
0.0643 -0.7604 1.0632
0.0737 -0.7617 1.0922
0.0829 -0.7621 1.0892
0.0617 -0.7604 1.0628
0.0712 -0.7617 1.0917
0.0803 -0.7621 1.0887
0.0583 -0.7606 1.0614
0.0679 -0.7620 1.0902
0.0770 -0.7624 1.0872
0.0551 -0.7610 1.0610
0.0649 -0.7624 1.0898
0.0740 -0.7628 1.0867
0.0519 -0.7616 1.0608
0.0619 -0.7629 1.0895
0.0710 -0.7633 1.0864
0.0493 -0.7620 1.0603
0.0594 -0.7633 1.0890
0.0684 -0.7638 1.0858
0.0473 -0.7625 1.0603
0.0575 -0.7638 1.0890
0.0666 -0.7642 1.0858
0.0454 -0.7628 1.0607
0.0557 -0.7641 1.0894
0.0647 -0.7646 1.0861
0.0433 -0.7630 1.0594
0.0538 -0.7643 1.0879
0.0628 -0.7648 1.0846
0.0408 -0.7633 1.0594
0.0513 -0.7646 1.0880
0.0603 -0.7651 1.0847
0.0385 -0.7635 1.0594
0.0491 -0.7648 1.0879
0.0581 -0.7652 1.0845
0.0356 -0.7639 1.0584
0.0464 -0.7652 1.0868
0.0554 -0.7656 1.0835
0.0322 -0.7647 1.0587
0.0432 -0.7659 1.0871
0.0522 -0.7664 1.0837
0.0287 -0.7652 1.0571
0.0399 -0.7664 1.0853
0.0489 -0.7669 1.0818
0.0257 -0.7652 1.0563
0.0370 -0.7664 1.0845
0.0459 -0.7669 1.0810
0.0250 -0.7648 1.0565
0.0364 -0.7660 1.0847
0.0453 -0.7665 1.0811
0.0233 -0.7646 1.0558
0.0347 -0.7658 1.0840
0.0436 -0.7663 1.0804
0.0214 -0.7651 1.0563
0.0329 -0.7662 1.0844
0.0418 -0.7667 1.0808
0.0203 -0.7658 1.0576
0.0319 -0.7670 1.0857
0.0408 -0.7675 1.0821
0.0186 -0.7657 1.0566
0.0304 -0.7669 1.0846
0.0392 -0.7674 1.0810
0.0170 -0.7655 1.0562
0.0288 -0.7667 1.0843
0.0376 -0.7672 1.0806
0.0170 -0.7656 1.0566
0.0288 -0.7667 1.0846
0.0377 -0.7672 1.0809
0.0166 -0.7657 1.0561
0.0285 -0.7669 1.0841
0.0373 -0.7674 1.0804
0.0162 -0.7661 1.0574
0.0280 -0.7672 1.0855
0.0369 -0.7677 1.0818
0.0150 -0.7663 1.0561
0.0269 -0.7674 1.0841
0.0358 -0.7679 1.0803
0.0129 -0.7669 1.0588
0.0249 -0.7680 1.0868
0.0337 -0.7685 1.0830
0.0108 -0.7668 1.0561
0.0230 -0.7679 1.0839
0.0318 -0.7684 1.0801
0.0095 -0.7673 1.0581
0.0218 -0.7684 1.0859
0.0306 -0.7689 1.0821
0.0085 -0.7673 1.0567
0.0208 -0.7684 1.0845
0.0295 -0.7689 1.0806
0.0076 -0.7670 1.0538
0.0200 -0.7680 1.0816
0.0288 -0.7685 1.0777
0.0066 -0.7672 1.0557
0.0191 -0.7682 1.0834
0.0279 -0.7687 1.0795
0.0047 -0.7670 1.0564
0.0172 -0.7680 1.0841
0.0259 -0.7685 1.0802
0.0027 -0.7664 1.0545
0.0154 -0.7674 1.0821
0.0242 -0.7679 1.0781
0.0003 -0.7661 1.0518
0.0133 -0.7672 1.0793
0.0220 -0.7676 1.0753
-0.0005 -0.7660 1.0503
0.0125 -0.7670 1.0778
0.0212 -0.7675 1.0737
-0.0007 -0.7664 1.0534
0.0123 -0.7674 1.0809
0.0210 -0.7679 1.0768
-0.0004 -0.7666 1.0537
0.0126 -0.7676 1.0812
0.0213 -0.7681 1.0771
-0.0013 -0.7667 1.0542
0.0117 -0.7677 1.0817
0.0204 -0.7682 1.0776
-0.0016 -0.7661 1.0537
0.0114 -0.7670 1.0812
0.0201 -0.7675 1.0771
-0.0026 -0.7655 1.0503
0.0106 -0.7665 1.0777
0.0192 -0.7670 1.0736
-0.0035 -0.7662 1.0518
0.0097 -0.7672 1.0793
0.0184 -0.7677 1.0751
0 0 0
0 0 0
0 0 0
-0.0034 -0.7663 1.0518
0.0098 -0.7672 1.0792
0.0185 -0.7677 1.0751
-0.0041 -0.7660 1.0520
0.0091 -0.7670 1.0794
0.0178 -0.7675 1.0752
0 0 0
0 0 0
0 0 0
0 0 0
0 0 0
0 0 0
0 0 0
0 0 0
0 0 0
0 0 0
0 0 0
0 0 0
0 0 0
0 0 0
0 0 0
0 0 0
0 0 0
0 0 0
-0.0074 -0.7663 1.0508
0.0059 -0.7673 1.0781
0.0146 -0.7678 1.0739
0 0 0
0 0 0
0 0 0
0.0004 -0.7659 1.0521
0.0134 -0.7669 1.0796
0.0221 -0.7674 1.0755
0.0059 -0.7650 1.0510
0.0187 -0.7660 1.0786
0.0274 -0.7665 1.0746
0.0126 -0.7646 1.0532
0.0250 -0.7656 1.0810
0.0338 -0.7660 1.0771
0.0197 -0.7645 1.0555
0.0317 -0.7655 1.0834
0.0405 -0.7659 1.0797
0.0274 -0.7644 1.0582
0.0389 -0.7654 1.0863
0.0478 -0.7658 1.0827
0.0347 -0.7635 1.0586
0.0458 -0.7645 1.0869
0.0548 -0.7649 1.0834
0.0407 -0.7627 1.0587
0.0515 -0.7638 1.0872
0.0605 -0.7642 1.0838
0.0466 -0.7622 1.0605
0.0571 -0.7633 1.0891
0.0661 -0.7637 1.0858
0.0523 -0.7618 1.0625
0.0624 -0.7629 1.0912
0.0714 -0.7633 1.0880
0.0585 -0.7611 1.0624
0.0683 -0.7623 1.0911
0.0774 -0.7627 1.0881
0.0641 -0.7608 1.0651
0.0736 -0.7620 1.0940
0.0828 -0.7624 1.0910
0.0693 -0.7601 1.0647
0.0785 -0.7613 1.0937
0.0877 -0.7617 1.0908
0.0738 -0.7598 1.0658
0.0827 -0.7610 1.0949
0.0919 -0.7614 1.0921
0.0780 -0.7595 1.0675
0.0867 -0.7608 1.0966
0.0960 -0.7611 1.0939
0.0819 -0.7591 1.0689
0.0903 -0.7604 1.0981
0.0996 -0.7607 1.0955
0.0863 -0.7586 1.0695
0.0945 -0.7599 1.0988
0.1038 -0.7602 1.0963
0.0913 -0.7581 1.0699
0.0993 -0.7593 1.0993
0.1086 -0.7596 1.0968
0.0953 -0.7584 1.0731
0.1029 -0.7597 1.1025
0.1122 -0.7601 1.1002
0.0994 -0.7585 1.0735
0.1068 -0.7598 1.1029
0.1161 -0.7602 1.1006
0.1026 -0.7584 1.0748
0.1096 -0.7597 1.1044
0.1190 -0.7601 1.1022
0.1056 -0.7572 1.0711
0.1126 -0.7585 1.1006
0.1220 -0.7589 1.0984
0.1080 -0.7576 1.0763
0.1147 -0.7590 1.1060
0.1240 -0.7594 1.1039
0.1105 -0.7582 1.0808
0.1169 -0.7596 1.1105
0.1263 -0.7600 1.1085
0.1129 -0.7580 1.0764
0.1194 -0.7593 1.1061
0.1287 -0.7597 1.1041
0.1150 -0.7583 1.0781
0.1212 -0.7597 1.1079
0.1306 -0.7601 1.1060
0.1176 -0.7580 1.0790
0.1236 -0.7594 1.1088
0.1330 -0.7598 1.1070
0.1199 -0.7575 1.0788
0.1258 -0.7589 1.1086
0.1352 -0.7593 1.1068
0.1213 -0.7575 1.0808
0.1270 -0.7589 1.1106
0.1365 -0.7593 1.1089
0.1227 -0.7571 1.0807
0.1284 -0.7586 1.1106
0.1378 -0.7590 1.1088
0.1244 -0.7572 1.0820
0.1300 -0.7586 1.1119
0.1395 -0.7590 1.1101
0.1266 -0.7569 1.0830
0.1321 -0.7583 1.1129
0.1415 -0.7587 1.1112
0.1294 -0.7565 1.0841
0.1347 -0.7580 1.1140
0.1441 -0.7584 1.1123
0.1317 -0.7564 1.0853
0.1368 -0.7579 1.1152
0.1463 -0.7583 1.1136
0.1328 -0.7566 1.0864
0.1378 -0.7581 1.1164
0.1473 -0.7585 1.1149
0.1329 -0.7569 1.0866
0.1379 -0.7583 1.1165
0.1474 -0.7587 1.1150
0.1335 -0.7580 1.0887
0.1386 -0.7594 1.1186
0.1480 -0.7597 1.1171
0.1340 -0.7598 1.0914
0.1390 -0.7611 1.1214
0.1485 -0.7615 1.1198
0.1343 -0.7629 1.0974
0.1392 -0.7640 1.1274
0.1487 -0.7644 1.1259
0.1347 -0.7669 1.1051
0.1395 -0.7679 1.1352
0.1490 -0.7683 1.1336
0.1347 -0.7717 1.1148
0.1395 -0.7723 1.1448
0.1490 -0.7728 1.1434
0.1350 -0.7769 1.1250
0.1397 -0.7772 1.1550
0.1492 -0.7777 1.1536
0.1349 -0.7826 1.1357
0.1396 -0.7825 1.1658
0.1491 -0.7829 1.1643
0.1352 -0.7882 1.1462
0.1399 -0.7877 1.1763
0.1494 -0.7882 1.1748
0.1347 -0.7941 1.1584
0.1395 -0.7932 1.1885
0.1489 -0.7938 1.1870
0.1341 -0.7984 1.1669
0.1389 -0.7972 1.1969
0.1483 -0.7978 1.1955
0.1331 -0.8020 1.1737
0.1378 -0.8006 1.2037
0.1473 -0.8012 1.2023
0.1315 -0.8048 1.1794
0.1362 -0.8032 1.2094
0.1457 -0.8038 1.2080
0.1305 -0.8071 1.1832
0.1353 -0.8054 1.2132
0.1448 -0.8060 1.2118
0.1292 -0.8096 1.1872
0.1340 -0.8077 1.2172
0.1435 -0.8084 1.2158
0.1289 -0.8116 1.1904
0.1338 -0.8096 1.2204
0.1433 -0.8102 1.2190
0.1275 -0.8140 1.1951
0.1323 -0.8118 1.2250
0.1418 -0.8125 1.2236
0.1264 -0.8185 1.2033
0.1314 -0.8160 1.2332
0.1408 -0.8167 1.2318
0.1263 -0.8209 1.2096
0.1312 -0.8182 1.2395
0.1407 -0.8189 1.2380
0.1258 -0.8234 1.2148
0.1307 -0.8205 1.2447
0.1402 -0.8212 1.2432
0.1253 -0.8254 1.2200
0.1302 -0.8223 1.2499
0.1397 -0.8231 1.2485
0.1244 -0.8271 1.2227
0.1293 -0.8239 1.2525
0.1388 -0.8247 1.2511
0.1239 -0.8282 1.2249
0.1288 -0.8249 1.2547
0.1383 -0.8257 1.2533
0.1230 -0.8290 1.2271
0.1279 -0.8256 1.2569
0.1373 -0.8264 1.2555
0.1235 -0.8284 1.2261
0.1285 -0.8251 1.2559
0.1380 -0.8258 1.2545
0.1238 -0.8267 1.2221
0.1288 -0.8235 1.2519
0.1383 -0.8243 1.2505
0.1229 -0.8237 1.2155
0.1279 -0.8209 1.2454
0.1374 -0.8216 1.2439
0.1224 -0.8194 1.2064
0.1275 -0.8169 1.2363
0.1369 -0.8176 1.2348
0.1218 -0.8146 1.1949
0.1269 -0.8125 1.2248
0.1364 -0.8132 1.2232
0.1207 -0.8099 1.1853
0.1259 -0.8081 1.2153
0.1354 -0.8088 1.2137
0.1205 -0.8059 1.1758
0.1257 -0.8044 1.2058
0.1352 -0.8051 1.2042
0.1205 -0.8025 1.1693
0.1257 -0.8013 1.1993
0.1352 -0.8019 1.1977
0.1213 -0.7992 1.1632
0.1265 -0.7982 1.1932
0.1359 -0.7988 1.1916
0.1215 -0.7959 1.1568
0.1268 -0.7952 1.1868
0.1363 -0.7958 1.1852
0.1218 -0.7929 1.1523
0.1270 -0.7923 1.1823
0.1365 -0.7929 1.1807
0.1213 -0.7903 1.1475
0.1265 -0.7900 1.1774
0.1360 -0.7905 1.1758
0.1211 -0.7877 1.1420
0.1264 -0.7875 1.1720
0.1358 -0.7881 1.1703
0.1206 -0.7854 1.1377
0.1259 -0.7854 1.1676
0.1353 -0.7860 1.1660
0.1209 -0.7831 1.1341
0.1261 -0.7832 1.1641
0.1356 -0.7837 1.1625
0.1209 -0.7805 1.1281
0.1262 -0.7808 1.1580
0.1356 -0.7813 1.1564
0.1209 -0.7782 1.1244
0.1262 -0.7787 1.1543
0.1357 -0.7792 1.1527
0.1208 -0.7760 1.1213
0.1261 -0.7766 1.1513
0.1356 -0.7771 1.1497
0.1211 -0.7737 1.1165
0.1264 -0.7745 1.1465
0.1358 -0.7750 1.1448
0.1207 -0.7711 1.1125
0.1261 -0.7720 1.1424
0.1355 -0.7725 1.1408
0.1212 -0.7684 1.1090
0.1265 -0.7695 1.1389
0.1360 -0.7699 1.1373
0.1209 -0.7654 1.1010
0.1264 -0.7667 1.1309
0.1359 -0.7671 1.1292
0.1211 -0.7632 1.0977
0.1267 -0.7646 1.1276
0.1361 -0.7650 1.1258
0.1206 -0.7607 1.0939
0.1260 -0.7623 1.1238
0.1355 -0.7627 1.1220
0.1205 -0.7572 1.0885
0.1261 -0.7589 1.1183
0.1356 -0.7593 1.1166
0.1204 -0.7537 1.0830
0.1260 -0.7557 1.1128
0.1355 -0.7561 1.1111
0.1198 -0.7506 1.0784
0.1255 -0.7527 1.1082
0.1349 -0.7531 1.1065
0.1198 -0.7476 1.0743
0.1255 -0.7499 1.1041
0.1350 -0.7503 1.1023
0.1201 -0.7452 1.0711
0.1258 -0.7476 1.1009
0.1352 -0.7480 1.0991
0.1209 -0.7427 1.0681
0.1265 -0.7453 1.0979
0.1360 -0.7456 1.0961
