-0.1205 -0.1754
0.0387 -0.3637
0.3004 0.0945
-0.0171 -0.2493
-0.4685 -0.5822
-0.0098 -0.1605
0.1454 0.0516
-0.3753 -0.1013
0.0853 0.0116
0.0538 0.5849
0.2722 -0.2620
0.2630 -0.1261
-0.0783 -0.4674
-0.2032 0.1432
-0.0760 0.3842
-0.2039 0.3162
-0.3400 0.0331
0.0935 -0.1261
0.4227 -0.5054
-0.2891 -0.2724
0.1273 -0.1856
-0.1175 -0.2866
-0.0920 -0.1257
-0.0981 0.2295
0.1507 0.4533
0.0950 -0.0198
-0.2234 0.3524
0.1133 -0.1214
0.0140 0.1534
0.1525 0.0195
0.0632 0.0929
0.0046 -0.0236
-0.0762 0.0286
-0.1752 0.3208
0.1028 -0.3268
0.3311 -0.3581
-0.1117 -0.3332
0.0269 0.2395
0.3713 0.4571
0.1662 -0.4874
0.1042 -0.0689
0.2058 -0.2922
0.0982 -0.1216
-0.0106 0.1282
-0.0229 -0.1601
0.0069 0.3765
0.3771 0.2984
0.0740 0.2769
0.0031 -0.0555
0.1571 -0.0627
0.5052 -0.2974
0.1761 0.1208
0.1514 -0.1698
-0.3395 -0.0860
0.2734 0.2548
0.1770 0.5138
0.2808 0.1611
-0.2178 -0.0537
-0.4777 -0.0499
-0.1665 -0.3578
0.5591 0.0277
0.4079 0.3951
-0.0578 -0.0198
0.2144 -0.3666
0.0289 -0.0617
0.2806 0.2837
-0.0346 0.2195
-0.1567 -0.2505
0.2450 0.0041
-0.2794 -0.0755
-0.0136 0.1155
-0.2001 0.2494
-0.4408 -0.2871
0.1077 -0.0624
-0.1112 -0.0207
-0.0865 0.0163
0.2375 0.2360
-0.0160 0.2429
0.1741 -0.0242
-0.1646 -0.1291
0.0527 0.0363
0.2101 0.0044
0.1757 -0.1237
0.3250 0.0907
0.0986 -0.1702
0.1062 -0.7156
0.0642 0.1747
0.0262 -0.3449
-0.2491 0.2405
0.0144 -0.0968
-0.3519 -0.6072
-0.4535 -0.2392
0.4472 0.2629
0.0446 0.2808
-0.1077 -0.2482
0.2870 0.3194
-0.3151 0.4856
0.3128 0.0543
-0.1308 0.0246
0.1846 0.0193
-0.1371 0.7258
-0.0737 0.3933
-0.4991 0.2496
-0.0263 -0.0479
-0.3425 -0.0252
-0.0899 0.1707
0.2112 0.3913
0.0854 0.4934
-0.1084 -0.4032
-0.7768 0.3924
-0.1988 -0.0879
0.1138 -0.0939
-0.0118 0.4980
-0.1465 -0.1247
0.2069 -0.2917
0.2877 -0.0157
0.4296 -0.0378
0.4476 0.0579
0.0280 0.1983
0.6768 0.1097
0.5815 -0.3771
