0.1556 -0.1485
-0.2271 -0.0014
0.0037 0.2886
-0.2264 0.0731
-0.2244 0.3345
0.0714 0.1844
0.1461 -0.0497
-0.0716 0.1041
-0.0261 -0.2040
0.1156 -0.1164
0.1646 -0.0795
-0.2336 0.0192
-0.3660 0.1002
-0.0033 0.1209
0.2342 -0.0664
-0.0284 -0.1640
0.0643 -0.2880
0.2051 0.0067
0.3118 -0.0410
0.0017 -0.0685
-0.0785 0.0675
0.1444 0.0642
-0.0723 0.0354
-0.0497 -0.0585
-0.1828 -0.0668
-0.0590 -0.2430
0.0684 0.0591
-0.0649 -0.1670
-0.1378 -0.2732
0.0319 -0.1415
0.1536 0.0621
0.0652 -0.0571
-0.1928 -0.3014
0.3933 -0.3771
-0.0336 -0.1961
-0.0838 0.0576
-0.0533 -0.0620
-0.1719 0.0900
0.1605 0.4063
0.1971 0.0056
-0.1593 -0.0479
-0.1922 -0.0022
0.2433 0.1634
0.0886 -0.0171
-0.1369 0.1530
0.3089 -0.2875
0.0459 0.0054
-0.0785 0.1216
0.1805 -0.2717
0.1071 0.2800
-0.1545 -0.2153
0.1165 -0.0536
-0.3018 -0.6084
-0.1231 0.1135
0.0727 0.0378
0.0449 0.0136
0.2674 -0.3406
0.2288 0.0007
0.5049 0.0347
-0.3403 -0.0986
-0.0754 -0.1580
-0.2385 0.1295
0.1627 0.1251
0.0069 -0.1680
0.0565 0.0517
-0.1442 -0.1497
-0.2058 -0.0073
-0.2177 0.0129
-0.1787 0.0977
0.1536 0.0312
0.0498 -0.0846
-0.2004 -0.2621
0.3025 -0.0932
0.2252 -0.1216
0.0218 0.0629
0.1963 0.2387
0.1948 -0.1370
-0.1349 -0.0236
0.1040 0.0077
0.0421 -0.0412
0.0465 -0.3526
-0.2623 0.1426
-0.0224 0.0570
-0.0803 0.1016
0.0862 -0.0771
0.2276 -0.0503
0.0165 0.0104
0.0344 0.2287
-0.0120 -0.1289
-0.0741 0.0083
-0.0390 0.1558
-0.1062 0.0618
0.0961 -0.0951
0.2032 0.3317
0.3627 -0.1184
-0.4182 0.3110
0.0578 0.0064
-0.1129 -0.3985
-0.1544 0.0644
-0.0577 -0.2332
-0.0234 -0.0330
0.2269 -0.1455
0.0267 0.0631
0.0275 0.1560
0.0443 -0.0757
-0.0226 -0.1543
0.0091 0.1545
-0.2126 0.0641
-0.1950 -0.0303
0.0037 -0.0951
0.1031 0.1580
0.1906 -0.1240
-0.1189 0.0714
0.3740 0.1982
0.3525 -0.2530
0.1834 0.0295
-0.1469 0.0943
-0.4240 -0.1015
-0.3062 0.0758
0.1547 -0.0053
-0.0110 -0.0627
0.0208 0.0222
0.0558 0.2823
-0.1368 -0.1357
0.3170 0.1009
0.3776 0.0188
0.2422 -0.4000
-0.1338 0.2639
-0.6670 -0.0918
-0.0813 -0.0684
0.0311 -0.1903
0.1288 -0.1928
0.0515 0.1684
0.0393 0.0178
0.1140 -0.0890
0.4466 0.4510
-0.0582 0.2127
0.1060 -0.0296
-0.3538 0.1440
-0.0510 -0.1583
0.0827 -0.1207
-0.3900 -0.2079
0.0200 -0.3579
-0.1315 0.0870
-0.2416 0.1319
0.0009 0.2157
-0.0120 0.0519
0.1273 0.0343
0.1838 0.0655
-0.1035 0.0594
-0.2539 0.0158
0.0561 -0.0604
-0.2026 -0.4354
0.1749 0.3875
0.1648 -0.0660
-0.0302 -0.0545
-0.2062 0.2846
0.2836 0.1295
-0.0107 -0.0627
-0.0641 -0.0931
-0.1231 0.1026
0.0149 0.0038
-0.0492 0.1477
0.3494 0.0135
-0.1115 -0.0601
-0.1389 -0.2585
-0.1741 -0.1716
0.0192 0.0975
-0.0544 0.0995
-0.1687 -0.1523
-0.1384 0.3388
-0.1414 0.1737
0.1234 0.0606
0.7135 -0.3660
-0.2620 -0.1968
-0.0165 -0.0589
0.3115 0.3747
-0.0818 0.2017
0.2443 -0.1520
-0.1621 -0.0852
0.0288 0.1998
-0.0414 0.0896
-0.1300 -0.3023
-0.0744 -0.2172
0.1721 -0.2206
-0.1151 0.0054
-0.2341 -0.0654
-0.2513 0.0647
-0.1904 -0.5057
0.2439 -0.2796
-0.0426 0.1901
0.0516 0.1282
-0.0314 -0.0514
-0.0286 -0.1343
0.0882 -0.1665
0.0826 0.1466
0.0869 0.0151
0.3381 -0.2610
-0.0029 0.0557
-0.2119 0.0787
-0.1495 0.2400
0.1845 0.1053
0.1038 -0.0606
-0.1405 0.0817
0.0082 -0.0561
-0.0828 0.2634
-0.0523 -0.1563
-0.0098 0.0428
-0.0304 -0.2500
0.2402 -0.0234
-0.1219 0.0074
-0.3094 0.3139
0.0330 0.1018
-0.0743 0.3458
0.0102 -0.0239
0.0746 0.2818
-0.0436 0.0504
-0.2614 -0.0355
-0.0271 0.0837
-0.2817 0.4278
-0.1365 0.0629
-0.2132 -0.6721
-0.1390 0.2033
-0.1710 -0.0240
0.0543 -0.0534
-0.0209 -0.1546
-0.2427 0.1785
-0.1945 -0.2023
0.0650 0.0966
-0.1866 0.3424
-0.2729 -0.0694
-0.0944 -0.1277
0.1013 0.1492
-0.0975 -0.0779
0.0097 0.0494
-0.0735 -0.2087
-0.1741 0.0232
-0.3459 0.4432
-0.6723 -0.4267
-0.2643 -0.0582
0.3027 -0.2440
-0.2061 0.0987
0.3652 0.1753
-0.2560 0.1461
0.0543 0.0665
-0.0125 -0.0144
0.2953 -0.1674
-0.1536 0.1496
-0.0563 0.1451
0.2214 0.0249
-0.3981 0.1399
-0.6939 0.8714
0.1741 -0.1348
0.0003 0.2323
0.0388 0.0527
-0.1388 -0.1374
-0.1596 0.1741
-0.1216 -0.1414
0.5292 -0.0743
-0.1243 -0.1092
-0.2757 0.1782
-0.1675 0.0369
-0.0544 -0.0069
0.1244 0.2134
-0.1440 -0.3028
0.1503 0.0895
0.0863 0.0411
-0.0132 0.1206
0.2060 0.0295
-0.1769 -0.0622
0.0941 0.1532
0.2001 0.5828
0.2468 0.0988
0.2253 -0.0080
0.1964 -0.2095
0.1929 -0.1863
-0.0348 0.0200
-0.0555 0.0175
0.0334 -0.2528
-0.0382 0.0943
-0.0413 0.1100
-0.2500 0.2584
-0.1361 -0.3343
0.2841 -0.1869
0.0520 0.1860
-0.1263 0.0949
-0.0486 0.2322
0.0330 -0.0715
-0.1293 0.0379
0.2454 -0.1436
0.0379 -0.2926
-0.1900 0.2366
-0.1842 0.2579
-0.0010 -0.0129
0.1703 -0.0786
-0.0327 -0.1611
-0.0670 0.0159
0.0065 -0.0992
0.0893 -0.1744
-0.3940 0.4253
-0.0363 -0.1258
-0.0705 -0.0957
-0.0042 -0.3037
-0.0933 0.0938
0.0528 -0.1761
-0.0863 0.1448
0.4724 0.3981
0.1613 -0.1620
-0.0020 0.4129
-0.2963 -0.0094
0.0429 -0.0883
-0.2842 0.0884
-0.2050 0.0929
-0.1462 0.0504
0.1100 0.2208
-0.1047 0.1499
-0.0712 -0.0853
0.1452 0.1799
-0.0673 -0.0492
0.0957 -0.4115
-0.2109 0.1141
0.0976 -0.0060
-0.1824 -0.0677
-0.2636 0.0129
0.2399 0.0741
-0.0077 -0.2020
0.1643 0.1740
0.1346 -0.1265
-0.1011 0.1760
0.0384 0.3806
-0.0401 -0.0283
-0.0193 -0.2168
-0.0094 0.3924
0.3494 -0.1801
-0.0439 0.0455
-0.2394 -0.0094
-0.1674 0.0776
0.0922 -0.0452
0.1281 -0.0839
0.2483 0.0753
0.1882 0.0175
-0.2387 -0.1017
0.4048 -0.0872
-0.1922 0.1740
-0.0848 0.1899
-0.0113 -0.0151
0.3179 -0.1861
0.1939 0.0339
-0.1949 0.0903
-0.0109 -0.2108
0.2201 0.2908
0.2761 -0.1019
-0.1124 0.1205
-0.0184 0.0027
0.3990 0.0050
-0.0676 0.3846
-0.1261 0.0771
0.0775 0.3411
0.0419 0.0469
-0.2645 0.3199
-0.2692 0.2331
-0.1878 0.0433
-0.1871 0.2842
0.0171 0.0664
-0.1360 -0.1235
0.0472 0.1143
-0.0917 0.1666
0.0180 0.3115
-0.4088 0.1713
-0.0525 -0.1995
-0.2028 0.0141
0.3459 -0.2565
0.3234 -0.2566
0.3365 0.3251
0.1290 0.1349
-0.0962 0.2736
0.1226 0.3195
-0.0945 0.0953
0.1541 0.0373
-0.3376 0.0539
0.1308 -0.1369
0.1413 0.5388
-0.0845 -0.0355
0.2549 0.2814
0.5564 0.3359
-0.0209 0.1939
0.0087 0.1035
-0.1295 0.3454
0.1188 -0.0373
-0.2151 0.2210
0.2005 0.0620
-0.0181 0.1469
0.0880 0.0173
-0.0940 -0.2737
-0.0326 0.0960
0.0389 0.2081
-0.0647 -0.1733
0.2336 0.2478
0.2504 -0.0744
-0.0359 -0.0352
0.2189 -0.2533
-0.3318 -0.0309
-0.0391 0.4126
-0.1833 -0.0835
-0.3210 -0.1156
0.0714 0.0740
-0.0485 -0.1133
0.1585 -0.0247
0.0559 -0.1129
0.1391 -0.0332
-0.0472 0.1093
-0.1825 -0.1282
-0.1445 0.0645
-0.1088 -0.0908
0.3476 0.3662
-0.2339 0.1150
0.0199 -0.1290
-0.0394 0.0954
0.1678 0.2136
-0.0312 -0.0597
0.1701 0.0213
-0.3570 0.1690
-0.2698 -0.0550
0.0578 0.0469
0.2157 -0.1936
-0.0484 0.1096
-0.1171 0.0118
-0.1281 -0.0512
-0.0000 0.2614
-0.5286 0.4389
-0.1301 0.0266
0.0462 -0.2097
-0.1305 0.0466
-0.0235 -0.1742
0.1609 0.0084
0.1887 0.0476
-0.0909 -0.1866
-0.0326 -0.3846
0.4392 -0.2188
-0.2524 0.2640
-0.2676 0.3327
0.1153 0.1624
-0.2505 0.1105
0.0494 0.2206
-0.1041 -0.2143
0.3724 -0.1778
0.0563 -0.0406
-0.2160 -0.0159
0.2720 0.0901
0.1795 0.2056
-0.0284 -0.1671
-0.3201 -0.1697
-0.2956 0.1925
0.1089 0.1320
0.2299 0.0838
-0.0742 0.0025
-0.1725 -0.1261
0.1681 -0.2785
0.0157 -0.0377
0.1833 0.0562
0.1957 -0.0606
0.1813 -0.0994
-0.1922 -0.1423
0.0082 -0.0998
-0.0107 0.0196
-0.2193 -0.2009
-0.2142 -0.0003
-0.1967 0.2185
0.0392 0.1286
-0.1517 -0.2089
-0.0662 0.7930
0.1656 -0.3444
0.0848 -0.2423
0.0245 -0.2332
-0.0147 0.2962
0.3296 -0.0426
0.1010 0.0779
0.0375 0.0840
0.1459 -0.0479
-0.1284 -0.1433
-0.1168 0.0614
0.1324 0.4091
-0.2245 -0.1218
0.1079 -0.2917
0.0145 0.3317
0.0667 0.1331
-0.1200 0.1625
-0.1143 0.3764
0.1353 0.1086
0.1466 0.1282
-0.3540 -0.2350
-0.0872 0.1887
0.0704 0.1438
0.1147 -0.3440
0.1503 0.1835
0.1415 0.1888
0.0631 -0.0867
0.0336 0.0786
0.0801 -0.0449
0.0544 0.0335
-0.1484 -0.1455
0.0445 -0.3288
0.1038 -0.6097
-0.1746 0.0507
0.2927 -0.3216
0.0592 0.2278
0.1152 -0.1482
-0.1735 -0.1702
0.4002 0.1296
0.0418 -0.0274
0.0984 -0.2302
-0.0063 0.2320
0.0131 -0.3424
0.0565 -0.0115
0.0110 0.2028
0.2151 0.2454
0.4433 0.1682
0.1050 0.2735
-0.0488 0.1594
0.0824 0.0965
0.1707 -0.0913
0.0729 0.2050
-0.2653 -0.1104
-0.0835 -0.0423
0.2394 0.2656
-0.4793 -0.6488
-0.0824 0.2542
0.0021 0.0099
0.0625 -0.0724
0.0300 -0.0170
-0.0101 -0.0170
-0.2001 0.4782
0.2375 0.2081
-0.1131 -0.0543
-0.0231 -0.0081
0.0132 0.0286
-0.1676 0.2399
-0.1907 0.1141
0.1309 -0.2650
-0.0940 0.2501
-0.2159 -0.0371
0.0463 -0.1416
0.0047 -0.1637
0.0353 -0.0024
0.1014 0.0064
0.1221 -0.2623
0.1839 -0.0787
0.2409 0.1574
-0.0469 0.1063
0.1309 0.0537
0.1780 0.3922
0.0521 0.0158
-0.2394 -0.1391
0.0161 -0.0318
-0.0218 -0.1514
0.2765 0.2238
-0.0455 0.2116
-0.0562 -0.2017
-0.0231 0.0031
0.1457 -0.1310
-0.1720 0.2281
-0.1572 -0.4551
0.1024 -0.0813
0.0092 0.2450
0.2648 -0.1729
-0.1725 -0.0407
0.0149 0.0602
-0.1122 0.0072
0.4469 -0.0944
-0.1736 0.0043
0.1093 0.1547
0.0828 0.0654
0.3137 -0.1147
0.1761 0.3065
0.3513 0.0853
-0.0945 0.0157
0.0255 0.0740
-0.2684 -0.1751
-0.0230 0.1740
0.3143 0.0564
-0.3840 0.4391
0.0507 -0.1308
-0.4160 0.1934
-0.0461 0.1922
-0.3478 0.1787
0.1771 0.0976
0.0290 0.1157
-0.2551 -0.1296
0.1774 0.2326
-0.1212 -0.0156
-0.0548 0.1850
0.2510 0.2119
-0.0379 -0.2263
-0.4721 0.0009
0.2322 -0.0333
0.1292 -0.0957
-0.0774 0.4097
0.0365 -0.0330
0.1308 -0.2473
0.0365 -0.0935
-0.4148 0.0136
-0.4615 0.0518
0.1305 0.1949
-0.2331 -0.2267
-0.0267 0.0413
0.0914 -0.0753
0.1107 0.0957
-0.0141 0.2526
-0.0589 -0.2003
0.0466 0.1143
-0.0059 0.2934
0.1234 0.1462
0.2331 -0.0315
0.1428 0.2119
0.2506 -0.0066
-0.2793 -0.0107
0.1605 -0.0823
0.0328 0.1910
-0.2594 0.0952
0.1499 -0.0392
0.1999 -0.0771
-0.0746 -0.1411
-0.1267 0.0646
-0.1958 -0.0792
0.0988 -0.0780
-0.2237 0.4000
0.3424 -0.1502
0.1936 -0.0291
-0.0078 0.0337
0.0297 -0.0804
-0.0154 -0.0611
0.1024 -0.2105
-0.0531 -0.1857
0.3157 0.3622
0.3626 -0.0871
0.0176 -0.2549
0.1415 0.0371
-0.2180 -0.0243
0.1998 -0.1650
-0.0722 -0.0353
0.2251 0.0165
-0.0632 0.0667
0.0351 0.1868
-0.1182 -0.0495
0.2807 0.1861
-0.0109 -0.3580
0.0737 -0.0695
-0.2664 -0.1176
0.1549 0.2949
0.0153 -0.1635
0.0786 0.1558
-0.0071 0.0598
-0.0113 -0.0669
-0.2237 -0.1875
0.0396 -0.0307
-0.2217 -0.2460
-0.0080 0.1704
0.1151 0.1584
0.3745 0.0585
0.3609 0.0108
-0.1413 0.0139
-0.0028 0.0692
0.0756 0.2135
0.4762 0.0168
0.1835 -0.0315
0.0912 -0.0860
-0.2490 -0.2397
-0.0858 0.1396
-0.0122 0.0922
0.1534 0.2058
0.1695 0.0172
0.0021 0.2193
-0.0679 0.1991
0.0760 -0.0052
-0.4541 -0.0705
0.0629 0.0624
-0.0821 -0.0014
-0.1053 -0.2523
0.1033 -0.0643
-0.1029 0.2762
-0.0415 0.3248
-0.1022 0.2382
0.0088 0.0297
-0.1625 0.0547
-0.2141 -0.4383
0.0644 0.4131
-0.1057 0.1240
0.1928 0.1605
-0.0906 -0.1195
0.2543 0.0352
0.0822 -0.1333
0.0757 -0.0244
0.5352 -0.2594
0.0728 0.0237
0.2439 -0.3315
0.3200 0.1662
0.1302 -0.1134
-0.2416 0.1678
-0.0557 0.0514
0.1352 -0.0416
-0.0369 0.0799
0.2392 -0.0075
-0.3265 0.0581
0.0573 0.0726
0.1632 -0.0574
-0.0686 -0.2714
-0.5225 -0.1871
0.1443 -0.1150
0.1224 -0.1019
0.3580 -0.0124
0.2021 0.0424
-0.0327 0.0346
0.1371 -0.1604
-0.2854 0.1695
0.0103 0.1265
-0.0204 -0.1096
-0.2719 -0.0099
-0.1355 0.0314
0.0974 0.3164
-0.1249 0.0303
-0.2363 -0.2731
-0.1646 0.0170
-0.1112 0.2353
-0.0038 0.2474
-0.0316 -0.0402
-0.0695 -0.2871
0.2668 0.0451
-0.1595 0.0458
0.2078 -0.0105
-0.2290 0.0938
0.1059 -0.0178
-0.1415 0.1667
-0.0539 0.1160
-0.2443 0.4434
0.0462 0.1346
0.0638 0.0465
-0.0308 0.1416
-0.0375 -0.2391
0.0699 -0.0476
-0.1297 0.0456
0.3716 0.0281
