-0.0047 -0.0034
-0.0014 -0.0001
0.0030 0.0018
-0.0064 -0.0118
0.0041 0.0056
0.0700 0.0985
-0.0015 0.0009
-0.0010 0.0046
-0.0005 -0.0100
-0.0017 0.0079
-0.0054 0.0068
0.0048 -0.0020
-0.0007 0.0005
0.0050 0.0062
-0.0001 0.0002
-0.0018 0.0039
-0.0047 -0.0043
-0.0052 -0.0026
0.0120 0.0130
-0.0040 -0.0001
0.0236 0.0379
-0.0079 -0.0050
0.0103 -0.0024
0.0021 -0.0053
-0.0068 -0.0005
-0.0083 0.0145
-0.0081 -0.0043
-0.0032 -0.0127
0.0032 0.0026
0.0041 -0.0010
0.0010 -0.0028
0.0004 0.0042
-0.0111 -0.0060
-0.0002 0.0022
0.0120 -0.0085
-0.0516 0.0194
-0.0015 -0.0037
0.0082 0.0331
-0.0004 0.0042
-0.0000 0.0048
0.0033 0.0056
-0.0065 0.0064
-0.0008 0.0092
0.0020 -0.0011
0.0012 0.0005
-0.0000 -0.0013
-0.0055 -0.0045
0.0074 0.0017
0.0041 -0.0039
0.0028 -0.0016
0.0020 -0.0035
0.0002 0.0041
-0.0008 -0.0009
-0.0008 0.0008
-0.0020 -0.0102
-0.0105 -0.0044
0.0988 0.0976
0.0188 -0.0240
0.0001 -0.0008
0.0069 -0.0067
-0.0119 -0.0023
0.0096 -0.0029
0.0074 -0.0092
-0.0015 -0.0040
0.0037 -0.0019
-0.0095 -0.0045
-0.0095 0.0027
-0.0037 -0.0033
-0.0023 -0.0009
0.0043 0.0057
-0.0107 0.0027
0.0079 -0.0035
-0.0000 -0.0048
0.0042 -0.0090
-0.0053 -0.0029
-0.0093 0.0005
0.0024 0.0002
-0.0064 -0.0047
-0.0002 -0.0031
-0.0016 -0.0060
-0.0014 0.0018
0.0056 -0.0060
-0.0052 0.0047
-0.0042 -0.0002
-0.0007 0.0009
0.0134 -0.0408
0.0008 0.0008
0.0000 0.0035
0.0023 0.0059
0.0030 0.0029
-0.0516 0.0925
-0.0021 -0.0077
0.0015 0.0071
0.0011 0.0001
0.0066 -0.0011
0.0131 0.0131
-0.0015 -0.0108
0.0021 -0.0039
0.0106 -0.0045
0.0075 -0.0051
0.0004 0.0005
0.0005 -0.0081
0.0004 0.0069
-0.0032 -0.0021
0.0023 -0.0057
-0.0023 -0.0019
0.0022 0.0019
-0.0043 0.0063
0.0255 -0.0179
0.0085 -0.0164
-0.0014 -0.0015
0.0000 -0.0031
0.0015 0.0024
0.0076 -0.0022
0.0057 -0.0022
-0.0063 -0.0003
-0.0478 0.0646
0.0024 0.0002
0.1074 0.1637
-0.0000 -0.0000
0.0007 -0.0005
-0.0012 0.0082
0.0002 0.0001
0.0027 -0.0036
0.0029 0.0031
0.0047 -0.0010
0.0057 -0.0001
-0.0013 0.0057
-0.0034 -0.0032
-0.0005 -0.0055
-0.0023 -0.0031
-0.0025 0.0140
0.0069 -0.0032
-0.0004 -0.0000
0.0039 0.0017
0.0010 0.0017
-0.0010 0.0003
-0.0003 -0.0001
0.0021 -0.0014
-0.0001 0.0002
0.0030 -0.0050
0.0315 -0.0537
0.0034 0.0017
-0.0053 -0.0030
-0.1712 0.1047
-0.0029 -0.0026
0.0102 -0.0025
0.0087 0.0046
0.0038 -0.0153
0.0006 -0.0001
-0.0057 0.0014
-0.0319 0.0735
-0.0024 0.0040
0.0013 0.0011
-0.0004 -0.0023
0.0001 -0.0063
-0.0003 -0.0001
0.0074 -0.0065
0.0005 0.0006
0.0081 0.0043
-0.0041 0.0004
0.0074 -0.0041
-0.0194 0.0009
0.0786 0.1161
-0.0009 -0.0018
-0.0083 -0.0102
0.0003 0.0002
-0.0024 0.0224
-0.0728 0.0496
-0.0027 0.0003
0.0117 0.0055
-0.0005 -0.0003
0.0001 -0.0007
0.0011 -0.0005
-0.0246 -0.0044
0.0037 0.0020
-0.0020 -0.0011
0.0065 0.0014
0.0012 -0.0009
-0.0027 0.0005
-0.0004 0.0081
0.0044 -0.0050
0.0046 -0.0049
-0.0008 0.0009
-0.0824 -0.0837
-0.0002 -0.0079
0.0060 -0.0027
-0.0056 0.0046
0.0102 0.0011
0.0026 0.0024
-0.0008 -0.0070
-0.0032 -0.0033
0.0001 0.0082
-0.0036 -0.0127
0.0012 -0.0030
0.0022 -0.0065
0.0135 -0.0141
-0.0007 -0.0080
0.0011 0.0070
-0.0057 -0.0043
-0.0028 -0.0032
-0.0044 0.0013
0.0625 -0.0411
0.0005 -0.0020
0.0002 0.0258
0.0034 -0.0002
-0.0005 -0.0057
0.0561 0.0821
0.0071 -0.0032
-0.0013 0.0049
-0.0023 0.0006
-0.0011 -0.0028
0.0011 0.0012
-0.0061 0.0050
0.0015 0.0025
0.0004 -0.0004
0.0000 0.0053
0.0014 0.0025
0.0663 0.0470
0.0886 -0.1358
0.0177 0.0145
-0.0098 0.0031
-0.0055 0.0117
0.0000 -0.0000
0.0000 0.0000
0.0008 -0.0009
0.0026 -0.0023
-0.0019 -0.0043
-0.0076 -0.0024
0.0029 0.0046
-0.0032 -0.0051
0.0030 0.0046
-0.0007 -0.0113
0.0028 0.0062
0.0035 0.0028
0.0066 -0.0011
-0.0003 0.0004
-0.0010 -0.0019
0.0153 0.0241
0.0010 -0.0042
0.0005 0.0068
0.0086 -0.0053
0.0088 0.0017
0.0165 0.0419
-0.0135 -0.0042
0.0184 -0.0217
0.0032 -0.0033
-0.0108 -0.0024
-0.0047 -0.0053
-0.0118 -0.0082
0.0010 0.0124
-0.0006 0.0059
-0.0068 -0.0055
-0.0242 0.0345
0.0026 0.0022
-0.0083 -0.0076
-0.0021 -0.0036
-0.0013 -0.0032
0.0001 -0.0001
0.0467 0.0403
-0.0085 0.0117
0.0074 -0.0047
0.0001 0.0084
0.0113 0.0053
0.0032 -0.0062
0.0014 0.0021
0.0024 -0.0059
0.0879 -0.0586
-0.0020 0.0059
-0.0073 0.0034
0.0051 0.0071
0.0005 0.0005
-0.0122 0.0120
0.0033 -0.0032
0.0007 -0.0008
-0.0036 -0.0062
-0.0021 0.0051
0.0026 0.0050
-0.0036 0.0083
-0.0081 0.0048
-0.0082 0.0115
0.0070 -0.0161
-0.0007 0.0062
0.0042 -0.0032
-0.0064 -0.0061
-0.0016 0.0010
0.0010 -0.0028
-0.0019 -0.0086
-0.0005 -0.0013
0.0057 0.0064
-0.0010 -0.0019
0.0028 -0.0055
0.0041 -0.0009
0.0012 0.0033
0.0003 -0.0023
-0.0060 -0.0048
-0.0056 0.0039
-0.0024 -0.0059
0.0037 0.0015
-0.0034 0.0018
0.0044 -0.0045
0.0019 0.0029
-0.0080 -0.0050
0.0004 0.0083
0.0002 0.0032
0.0021 -0.0027
0.0003 0.0023
-0.0032 0.0016
-0.0108 -0.0091
-0.0027 0.0023
-0.0085 0.0025
0.0061 0.0192
0.0080 -0.0073
0.0055 -0.0006
-0.0468 -0.0351
0.0024 0.0113
-0.0012 0.0033
-0.0092 -0.0118
0.0123 0.0106
0.0014 0.0025
0.0002 0.0042
0.0000 0.0000
-0.0010 0.0017
0.0013 -0.0049
0.0036 0.0009
-0.0004 -0.0022
0.0088 0.0010
-0.0063 -0.0037
0.0098 -0.0017
-0.0016 0.0129
-0.0120 -0.0107
-0.0001 0.0017
0.0013 -0.0044
-0.0019 0.0061
-0.0020 0.0017
0.0002 0.0003
0.0087 -0.0072
-0.0020 -0.0036
0.0012 -0.0001
-0.0111 -0.0031
-0.0057 0.0037
0.0020 -0.0075
0.0034 0.0015
-0.0008 0.0008
0.0136 0.0085
0.0018 0.0050
0.0052 -0.0010
0.0060 -0.0041
-0.0079 0.0007
-0.0141 -0.0062
-0.0010 -0.0024
-0.0013 0.0006
-0.0018 -0.0018
-0.0106 -0.0073
-0.0261 0.0119
0.0035 -0.0072
-0.0177 -0.0058
0.0557 -0.0185
-0.0046 0.0002
0.0052 0.0015
0.0032 0.0015
0.0074 0.0009
0.0061 -0.0057
0.0038 0.0025
-0.0065 0.0015
0.0031 -0.0026
0.0022 -0.0036
0.0055 0.0016
-0.0006 -0.0084
0.0050 0.0036
0.0010 -0.0052
-0.0003 -0.0059
-0.0040 -0.0008
0.0011 0.0031
0.0032 -0.0076
0.0032 -0.0011
-0.0001 0.0001
-0.0030 -0.0039
-0.0067 -0.0080
-0.0871 -0.0325
-0.0001 -0.0024
-0.0057 -0.0020
-0.0060 -0.0012
0.0137 -0.0131
0.0085 0.0015
0.0014 -0.0015
0.0020 0.0027
-0.0011 -0.0021
-0.0035 0.0032
-0.0006 -0.0004
0.0098 -0.0056
0.0041 0.0015
-0.0015 -0.0018
0.0051 0.0028
-0.0017 -0.0010
0.0393 0.0228
0.0030 0.0032
-0.0877 0.0893
0.0003 0.0023
-0.0086 0.0045
0.0101 -0.0010
0.0111 0.0045
0.0026 0.0023
0.0052 -0.0162
0.0005 -0.0004
-0.0036 0.0020
0.0011 0.0012
-0.0001 -0.0002
0.0006 -0.0006
-0.0048 -0.0097
0.0008 0.0010
-0.0003 0.0004
-0.0085 -0.0037
0.0055 -0.0012
-0.0014 0.0005
-0.0149 0.0051
0.0218 -0.0135
-0.0061 0.0033
0.0072 0.0275
-0.0004 0.0042
0.0004 -0.0029
0.0233 0.0610
-0.0025 0.0030
-0.0480 0.0975
-0.0002 -0.0001
-0.0005 -0.0007
0.0038 -0.0031
0.0044 -0.0026
-0.0026 -0.0038
0.0192 -0.0219
0.0026 -0.0003
0.0007 0.0064
-0.1026 -0.0561
-0.0001 0.0001
0.0021 -0.0019
-0.0021 -0.0004
0.0002 0.0001
-0.0016 0.0047
0.0032 -0.0034
0.0013 0.0001
0.0038 -0.0036
-0.0033 -0.0012
0.0055 0.0036
-0.0008 0.0001
-0.0007 0.0012
-0.0029 -0.0044
-0.0039 0.0015
0.0249 -0.0311
0.0058 -0.0009
0.0022 -0.0011
0.0009 -0.0073
0.0035 0.0015
0.0027 -0.0016
0.0072 -0.0042
-0.0048 0.0094
-0.0102 -0.0133
-0.0048 -0.0026
-0.0035 0.0041
0.0052 0.0106
0.0012 0.0004
-0.0036 0.0053
-0.0031 -0.0063
-0.0003 0.0005
0.0027 0.0049
-0.0015 -0.0027
-0.0017 0.0011
0.0058 0.0004
0.0011 -0.0028
-0.0010 -0.0009
-0.0024 0.0003
-0.0021 -0.0035
-0.0055 -0.0045
0.0039 -0.0017
0.1101 -0.1380
0.0026 -0.0048
0.0013 0.0022
-0.0036 -0.0003
-0.0009 -0.0010
0.0028 0.0011
0.0059 -0.0023
0.0056 -0.0082
0.0137 0.0150
-0.0007 0.0009
-0.0010 -0.0019
0.0007 -0.0005
0.1278 -0.0828
-0.0027 -0.0021
-0.0049 -0.0030
-0.0023 0.0040
0.0021 0.0018
0.0060 -0.0120
0.0043 0.0035
-0.0005 -0.0003
-0.0044 0.0045
0.0057 0.0022
-0.0534 0.0601
-0.0002 0.0021
0.0084 0.0066
0.0027 0.0002
0.0000 -0.0002
-0.0520 -0.0267
-0.0101 -0.0032
0.0054 -0.0109
0.0014 -0.0043
0.0190 -0.0411
0.0007 0.0001
0.0032 -0.0059
0.0027 0.0076
0.0012 -0.0062
0.0043 0.0027
-0.0049 0.0018
0.0035 -0.0030
-0.0001 0.0002
0.0010 -0.0011
0.0074 0.0048
0.0035 0.0031
0.0006 0.0125
0.0009 0.0016
0.0041 -0.0151
0.0001 0.0001
0.0198 -0.0072
-0.0113 0.0009
0.0016 0.0005
-0.0000 -0.0000
-0.0004 0.0023
-0.0044 -0.0028
0.0003 0.0017
-0.0070 0.0029
-0.0011 -0.0035
-0.0157 0.0111
-0.0064 -0.0064
0.0044 -0.0025
-0.0020 0.0019
-0.0018 0.0017
0.0074 0.0039
-0.0046 -0.0017
-0.0022 0.0004
0.0019 -0.0022
0.0056 -0.0025
0.0062 -0.0006
-0.0008 -0.0065
0.0213 0.0065
-0.0056 0.0030
-0.0100 0.0120
-0.0020 -0.0122
0.0028 0.0104
-0.0067 0.0042
-0.0268 -0.0123
0.1051 -0.0672
-0.0055 -0.0045
-0.0062 -0.0136
0.0027 -0.0003
-0.0004 0.0019
0.0044 0.0070
-0.0118 0.0108
0.0009 -0.0007
0.0009 0.0023
0.0177 0.0183
0.0100 0.0024
-0.0123 -0.0022
-0.0037 0.0028
0.0019 0.0136
-0.0071 -0.0029
0.0027 0.0002
-0.0007 0.0009
-0.0029 -0.0046
0.0093 -0.0045
-0.0066 0.0042
-0.0059 -0.0012
0.0073 -0.0095
-0.0199 0.0218
0.0018 -0.0017
-0.0159 -0.0028
-0.0645 -0.0353
-0.0003 -0.0020
-0.0023 0.0002
0.0037 0.0074
-0.0062 -0.0038
0.0001 0.0001
-0.0027 -0.0016
-0.0002 -0.0026
-0.0001 -0.0001
0.0025 0.0014
0.0931 -0.0665
-0.0454 0.0456
0.0012 -0.0033
0.0025 -0.0030
-0.0009 0.0008
0.0004 0.0040
0.0058 0.0073
0.0013 -0.0093
0.0037 0.0012
-0.0007 0.0029
-0.0002 0.0037
0.0011 0.0035
0.0043 0.0049
0.0019 -0.0024
-0.0051 -0.0047
0.0173 0.0153
-0.0074 -0.0026
0.0068 -0.0035
-0.0085 -0.0133
-0.0019 -0.0015
0.0135 0.0071
0.0035 -0.0007
-0.0036 0.0082
-0.0021 -0.0053
0.0018 0.0006
-0.0004 0.0006
0.0153 0.0297
-0.0022 0.0078
0.0014 0.0006
0.0055 0.0058
0.0000 0.0025
-0.0025 -0.0053
-0.0014 -0.0021
-0.0233 0.0111
0.1104 -0.0570
-0.0009 -0.0034
0.0031 -0.0032
-0.0070 0.0066
0.0023 -0.0031
0.0056 0.0024
-0.0064 -0.0060
-0.0024 -0.0019
0.0026 0.0033
0.0135 -0.0063
0.0646 0.0265
-0.0040 -0.0032
0.0050 0.0034
-0.0015 0.0041
0.0018 -0.0012
-0.0060 -0.0041
0.0442 0.0570
0.0029 -0.0040
0.0031 -0.0014
0.0037 0.0029
0.0036 0.0066
0.0078 -0.0017
-0.0055 -0.0054
0.0051 0.0026
0.0076 -0.0012
-0.0004 0.0015
-0.0074 0.0038
0.0001 0.0008
-0.0032 -0.0002
-0.0013 -0.0021
-0.0033 0.0032
-0.0017 -0.0020
-0.0065 -0.0025
0.0036 0.0008
-0.0038 -0.0116
-0.0044 0.0001
-0.0035 -0.0024
0.0044 -0.0048
0.0083 -0.0050
-0.0026 -0.0009
0.0108 -0.0063
-0.0036 0.0095
0.0020 0.0051
-0.0015 -0.0025
0.0074 0.0030
0.0019 -0.0017
-0.0041 0.0075
-0.0124 -0.0045
0.0011 -0.0009
-0.0218 -0.0198
-0.0011 0.0029
-0.0029 0.0057
0.0346 -0.0783
0.0046 -0.0017
-0.0011 0.0012
0.0056 -0.0003
0.0234 -0.0162
-0.0071 0.0037
0.0014 -0.0010
-0.0081 0.0096
-0.0025 0.0028
-0.0000 -0.0005
-0.0036 -0.0051
0.0068 -0.0014
0.0019 -0.0022
-0.0024 -0.0087
0.0000 0.0000
0.0003 0.0007
0.0056 0.0026
-0.0016 -0.0023
-0.0027 -0.0039
-0.1209 -0.1117
-0.0053 0.0043
0.0074 0.0145
0.0152 0.0066
-0.0012 -0.0023
0.0006 -0.0010
-0.0016 0.0059
-0.0096 0.0077
-0.0026 -0.0012
0.0019 -0.0027
0.0033 0.0027
0.1592 0.1002
-0.0074 -0.0036
0.0011 -0.0020
0.0014 0.0056
-0.0058 -0.0001
-0.0007 0.0001
-0.0010 0.0009
-0.0060 0.0012
0.0036 0.0049
0.0007 -0.0005
0.0001 0.0006
0.0073 0.0021
0.0054 -0.0056
0.0053 0.0063
-0.0011 -0.0012
-0.0127 0.0044
0.0087 0.0089
-0.0000 0.0021
-0.0051 -0.0068
0.0000 0.0000
0.0188 -0.0201
0.0064 -0.0065
0.0041 -0.0083
-0.0058 -0.0004
0.0199 0.0120
0.0018 0.0087
-0.0094 0.0212
0.0083 -0.0033
0.0031 0.0112
-0.0056 -0.0010
-0.0036 -0.0023
-0.0015 0.0032
0.0503 0.0255
0.0023 0.0024
-0.0414 0.0316
0.0067 0.0079
-0.0011 -0.0033
-0.0599 0.0897
0.0025 -0.0020
-0.0101 -0.0001
-0.0082 -0.0044
0.0032 -0.0034
-0.0001 0.0009
-0.0142 0.0192
-0.0022 -0.0031
0.0048 -0.0068
0.0065 -0.0052
0.0014 0.0056
-0.0051 -0.0155
-0.0137 -0.0119
0.0102 -0.0239
-0.0078 -0.0029
0.0038 -0.0027
0.0047 -0.0006
0.0291 0.0112
-0.0011 -0.0023
0.0058 0.0111
-0.0002 -0.0013
0.0060 0.0007
-0.0034 0.0021
0.0009 -0.0009
-0.0046 -0.0023
0.0014 -0.0076
-0.0185 -0.0042
0.0064 0.0076
-0.0012 0.0004
0.0258 0.0116
-0.0080 -0.0047
0.0005 -0.0003
-0.0021 -0.0066
-0.0064 -0.0062
-0.0031 -0.0037
-0.0035 0.0029
-0.0071 0.0222
-0.0020 -0.0004
-0.0018 -0.0035
0.0010 0.0007
0.0304 0.0497
0.0201 0.0315
-0.0009 -0.0027
0.0054 -0.0026
-0.0004 0.0023
-0.0024 0.0019
0.0000 -0.0022
-0.0025 0.0028
0.0013 -0.0015
-0.0131 0.0087
0.0037 0.0057
0.0073 -0.0126
0.0031 0.0018
0.0092 -0.0020
-0.0124 0.0044
-0.0022 0.0135
0.0010 -0.0024
-0.0034 -0.0013
0.0146 -0.0085
0.0010 0.0011
-0.0035 -0.0036
-0.0009 -0.0022
0.0015 -0.0028
-0.0027 -0.0039
0.0004 0.0007
-0.0002 -0.0201
0.0015 -0.0017
-0.0053 0.0002
0.0008 0.0006
-0.0014 -0.0013
0.0040 -0.0001
0.0709 -0.0324
0.0043 0.0093
0.0014 -0.0030
0.0000 -0.0077
-0.0025 0.0167
-0.0018 0.0087
0.0042 -0.0047
-0.0007 -0.0064
-0.0107 -0.0025
-0.0059 0.0114
0.0023 0.0001
-0.0057 0.0031
0.0007 -0.0009
-0.0006 0.0078
-0.0011 -0.0042
0.0014 0.0087
0.0023 -0.0092
-0.0037 -0.0021
-0.0025 0.0077
-0.0031 -0.0002
0.0033 0.0059
-0.0925 -0.0358
-0.0016 0.0040
-0.0069 -0.0001
0.0028 0.0024
-0.0002 -0.0006
-0.0102 0.0045
0.0007 0.0001
0.0055 -0.0008
0.0046 -0.0123
0.0240 -0.0327
-0.0009 0.0001
-0.0064 -0.0006
-0.0083 -0.0099
-0.0036 0.0056
0.0069 0.0047
-0.0053 -0.0029
-0.0032 -0.0029
0.0064 -0.0061
-0.0047 0.0035
0.0057 0.0038
0.0015 -0.0068
0.0083 0.0102
0.0253 0.0148
0.0000 0.0048
0.0008 -0.0009
0.0026 -0.0011
0.0814 -0.0711
0.0068 -0.0005
0.0035 0.0021
-0.0048 -0.0037
-0.0050 0.0055
-0.0036 -0.0107
0.0017 -0.0013
-0.0113 0.0106
-0.0030 -0.0025
0.0018 -0.0001
-0.0012 0.0068
-0.0063 -0.0020
-0.0044 -0.0033
0.0076 -0.0067
-0.0010 0.0011
-0.0008 -0.0009
-0.0031 0.0014
-0.0003 -0.0001
0.0014 0.0056
-0.0042 0.0001
0.0014 -0.0018
-0.0003 0.0004
0.0001 0.0038
0.0028 -0.0040
0.0127 -0.0083
0.0063 -0.0077
-0.0104 0.0088
0.0007 -0.0062
0.0044 0.0057
-0.0061 0.0042
-0.0008 0.0008
-0.0033 0.0034
-0.0213 0.0212
-0.0023 -0.0035
0.0027 0.0026
0.0045 -0.0008
-0.0143 0.0142
0.0069 -0.0073
-0.0006 0.0111
0.0006 -0.0005
-0.0004 0.0029
-0.0011 0.0020
0.0003 0.0055
0.0017 0.0031
-0.0014 -0.0018
-0.0012 -0.0011
0.0023 -0.0086
-0.0038 -0.0064
-0.0070 0.0047
0.0058 -0.0016
-0.0018 -0.0106
-0.0036 0.0009
0.0119 0.0214
-0.0059 0.0032
0.0001 0.0002
-0.0397 0.0250
0.0078 -0.0018
-0.0027 -0.0051
0.0046 0.0000
0.0057 -0.0053
0.0224 0.0012
-0.0005 0.0056
-0.0044 -0.0060
-0.0030 -0.0014
-0.0112 -0.0102
-0.0086 0.0022
-0.0054 -0.0015
0.0001 -0.0002
0.0696 0.0467
-0.0001 0.0037
-0.0001 0.0034
-0.0007 0.0008
0.0019 -0.0009
-0.0436 -0.0354
-0.0040 -0.0061
0.0015 0.0032
0.0076 0.0177
0.0008 -0.0008
0.0049 0.0022
-0.0060 -0.0023
0.0014 -0.0019
0.0024 -0.0032
-0.0007 -0.0007
-0.0078 -0.0017
0.0013 -0.0055
0.0024 0.0103
-0.0037 -0.0009
-0.0053 0.0005
0.0004 0.0004
-0.0014 -0.0017
0.0068 0.0063
0.0005 0.0068
0.0073 -0.0063
0.0081 0.0043
0.0071 -0.0028
0.0042 0.0031
0.0086 0.0060
0.0034 -0.0018
-0.0016 0.0038
-0.0027 -0.0009
0.0002 0.0045
0.0060 0.0073
-0.0009 -0.0007
0.0002 0.0004
0.0012 -0.0113
0.1203 0.0593
0.0035 -0.0007
-0.0007 0.0079
0.2113 -0.1319
-0.0066 -0.0040
0.0017 -0.0001
-0.0138 -0.0025
0.0053 -0.0006
0.0039 0.0034
0.0035 -0.0021
-0.0114 0.0056
0.0051 -0.0114
-0.0013 0.0011
0.0038 0.0047
0.0008 -0.0008
0.0005 -0.0007
-0.0081 0.0043
-0.0068 0.0037
-0.0089 0.0065
-0.0138 -0.0106
0.0093 -0.0023
-0.0033 0.0001
-0.0008 -0.0002
0.0008 -0.0009
-0.0036 -0.0007
-0.0009 0.0014
-0.0038 -0.0078
0.0086 0.0060
0.0022 -0.0088
0.0008 -0.0009
0.0021 -0.0052
0.0034 0.0030
-0.0019 0.0020
0.0008 0.0009
-0.0007 0.0079
0.0136 0.0118
-0.0064 -0.0047
-0.0010 -0.0013
