-0.1739 0.1140
0.3817 -0.0715
0.0315 0.0753
0.0723 -0.0983
0.1185 -0.0600
0.1114 -0.1311
0.0603 0.0291
-0.1264 -0.2826
0.0905 -0.0507
0.0692 -0.2347
-0.0647 -0.0802
-0.1159 0.1379
0.2886 -0.0283
0.1227 0.3290
0.1108 0.0224
-0.0970 0.0915
0.0664 -0.0580
0.0101 -0.0080
0.0945 -0.2405
-0.0284 -0.0445
-0.0984 0.0587
0.0440 0.0812
-0.5373 0.0072
0.0465 -0.0683
0.0538 -0.1194
-0.2734 0.1473
0.0374 0.0100
-0.2465 0.2320
-0.1719 -0.0428
0.0595 -0.1265
-0.1795 0.0106
0.1525 -0.0782
-0.1743 -0.0591
-0.0811 -0.2143
-0.1076 0.1081
0.2515 -0.0670
0.0447 0.0973
0.2661 -0.0014
-0.1043 -0.1020
-0.3313 0.0233
-0.0351 0.2918
0.0144 -0.0692
-0.3150 0.3218
-0.0540 -0.1345
0.0522 -0.2870
0.4014 -0.2328
0.1627 0.0359
0.0225 0.1167
-0.0189 -0.0159
-0.1640 0.1088
-0.0039 0.3533
0.0399 0.0296
-0.2208 0.1342
-0.2905 -0.0290
0.0091 0.0126
0.0653 -0.3012
-0.2075 0.0220
-0.1163 0.0130
-0.0734 0.0700
0.2914 -0.0779
-0.0103 -0.2888
-0.2311 -0.0358
-0.2694 0.1291
0.1905 -0.1144
-0.2030 -0.1111
-0.2145 0.1432
0.1666 0.1934
0.4425 -0.6868
-0.0516 0.1757
-0.2125 -0.1840
-0.1364 -0.0620
0.2902 -0.0808
0.0643 0.0545
0.0933 -0.1203
0.0391 -0.0192
-0.1369 0.0450
-0.1617 0.1046
0.1637 -0.1135
0.0580 -0.1496
-0.0566 0.1783
-0.0168 -0.0568
-0.1321 0.1133
-0.0338 -0.2283
0.0796 0.1334
0.0925 0.0783
-0.1701 0.1519
0.0536 -0.0282
-0.0609 0.0593
0.1781 -0.0263
-0.0970 -0.1197
0.0796 -0.1895
-0.0189 0.0643
0.0414 0.0121
-0.0593 -0.1068
0.1396 0.2318
-0.0525 0.0796
-0.3577 0.2633
-0.0860 0.3024
-0.0810 0.2519
-0.0550 0.0054
-0.0614 0.0341
0.0446 0.0682
-0.0948 -0.2557
-0.0603 -0.0645
-0.2438 0.0410
-0.0765 0.0059
-0.0081 -0.0787
-0.0838 -0.2894
0.2278 0.0937
0.0556 0.1083
-0.2515 -0.1070
0.1168 0.1656
-0.2555 0.0672
-0.0825 0.2283
-0.1525 0.2852
-0.2318 0.1914
0.2332 0.0822
-0.0216 -0.0552
0.1005 -0.2795
0.1885 -0.0132
0.0443 -0.2542
0.0918 0.0059
-0.0218 -0.1417
0.1725 -0.0887
0.0225 0.0100
0.2743 -0.1063
-0.3534 -0.1361
0.0397 0.1828
-0.0932 0.1026
-0.0760 0.0105
0.2079 -0.1872
-0.1355 -0.1429
-0.2547 -0.1212
0.0545 0.1188
-0.0816 0.0473
0.2209 -0.1473
-0.1184 -0.1723
-0.0458 0.0899
-0.4271 -0.3294
-0.1699 -0.0038
0.2696 0.1331
-0.2314 0.2404
0.0958 0.2144
0.1172 -0.1607
-0.0688 -0.1341
-0.2943 0.1569
-0.0315 0.1344
0.2099 -0.0239
-0.2036 0.0524
-0.0050 0.0439
-0.0579 0.2012
0.2443 0.0329
0.2221 -0.2390
-0.1020 0.1008
-0.1821 -0.1870
-0.0150 0.2125
0.0130 0.0978
0.4132 -0.1842
-0.2228 -0.1423
-0.0048 -0.0091
0.1020 0.1832
-0.2899 -0.0805
-0.1950 -0.0653
0.0925 -0.1022
0.2424 -0.0030
-0.2560 0.1262
-0.1892 0.1369
-0.0391 0.0779
-0.0119 0.0862
0.1665 -0.0953
0.1182 -0.1491
-0.0022 -0.1855
-0.0186 0.2570
-0.0901 -0.1053
-0.0549 0.0004
-0.1807 0.3193
-0.1571 -0.0652
-0.2894 -0.0843
-0.0690 0.0175
-0.1917 -0.0101
0.3784 0.3539
0.0290 0.0631
0.0002 -0.0550
0.1022 -0.1965
-0.3473 -0.0553
0.0255 -0.1622
-0.2003 -0.1445
0.1443 -0.1455
0.1968 0.0354
0.1575 0.1650
-0.0623 0.1604
-0.0255 -0.0917
-0.2758 0.0755
0.1650 -0.4252
0.2968 0.0872
-0.0227 -0.0259
-0.3008 -0.0051
-0.1327 0.0425
-0.0432 -0.0804
0.1372 -0.1108
0.1392 0.0515
0.1275 -0.0062
0.1713 -0.0845
-0.0659 -0.0944
-0.0319 0.2046
-0.0228 -0.1623
-0.0653 -0.0350
0.0769 0.2281
0.1070 0.0057
-0.2519 0.1912
-0.0775 0.0908
-0.0690 0.1041
-0.0525 0.0344
-0.0548 0.0391
0.0258 0.0246
0.0846 0.2901
0.0203 -0.0248
0.0421 -0.1225
-0.3203 0.3244
-0.0207 -0.0356
-0.3688 -0.0255
0.1242 -0.1013
-0.1764 -0.2540
0.1246 0.0212
0.0074 0.0395
0.0122 0.0462
-0.1630 -0.0384
0.1642 -0.1135
0.0132 0.0351
-0.2696 -0.5261
0.0455 -0.0519
-0.2597 0.1997
-0.0764 0.0320
0.0413 0.0552
-0.2695 0.0118
0.1440 0.0872
0.0522 0.0121
0.3934 -0.4680
-0.0271 0.0403
0.1848 -0.0439
-0.0414 0.2129
-0.2335 0.3521
-0.1317 -0.0923
-0.2049 -0.2050
-0.0911 -0.1053
0.2044 0.0333
0.4252 0.3981
0.0229 0.0464
0.0347 0.0447
0.1238 0.1158
-0.0660 -0.1111
0.0747 -0.1002
-0.0921 -0.0475
-0.0036 -0.0986
0.0681 -0.0323
-0.1257 0.0504
-0.3885 -0.3485
-0.2161 -0.0457
0.0138 0.0611
0.3060 0.0277
-0.1131 -0.2293
0.0501 0.0979
0.0504 0.0414
0.3148 0.0648
0.0506 -0.0584
-0.0168 0.0206
-0.0335 -0.0358
-0.1174 -0.1003
0.1981 -0.0998
0.1789 0.1222
-0.1994 0.0231
0.0565 -0.0006
0.2132 -0.1507
0.0114 -0.0306
0.0618 -0.0204
0.0460 -0.0048
-0.2526 -0.0693
-0.0099 0.1789
0.5840 -0.8187
0.1120 -0.0454
-0.1007 0.0905
-0.0141 0.1096
-0.1524 -0.1583
-0.0376 0.1473
-0.0045 -0.1565
-0.1422 -0.1942
0.0176 0.0910
0.0091 0.0180
0.4148 -0.5423
0.0134 0.0695
0.1095 -0.0846
-0.0693 -0.0482
0.2638 -0.1513
-0.1493 -0.0487
-0.2135 0.0228
0.0340 0.0556
0.0056 0.2618
0.0356 0.2028
0.0546 0.0883
0.0824 0.0859
-0.1757 0.2398
0.1077 0.2220
-0.0581 0.0900
0.0499 0.0686
0.0951 -0.3110
-0.0051 -0.0867
0.1753 -0.0434
-0.0218 -0.0546
0.1240 0.1291
-0.1612 -0.1943
0.2175 -0.1165
0.3202 -0.0334
-0.3414 -0.0133
0.0041 0.1920
-0.0851 0.2983
-0.2182 -0.0553
-0.0553 -0.2008
-0.2388 0.2109
-0.1117 0.0647
0.0671 -0.2092
0.0311 0.0183
0.0340 0.0675
0.0348 0.0850
-0.0274 -0.1389
0.1379 0.0598
-0.2441 0.1456
-0.0624 -0.0024
-0.0268 -0.0605
0.2372 0.0443
0.1367 -0.2434
0.3518 -0.0029
-0.0782 -0.0348
-0.2997 0.0501
-0.0811 -0.0195
0.1616 -0.3609
-0.1053 -0.0061
-0.2434 0.2875
0.2674 0.1759
-0.1109 0.0975
0.1051 -0.2453
-0.1991 0.0067
0.0782 -0.0149
-0.1233 0.2552
0.3481 0.0061
0.1688 -0.2273
-0.4117 -0.3093
-0.0005 -0.1874
0.0295 -0.0903
0.2609 0.1410
0.0972 -0.2853
0.0379 0.0591
0.2377 -0.2071
0.9203 0.4975
-0.0984 -0.0435
0.0998 -0.0970
0.1749 0.0081
0.1910 0.1318
-0.0346 0.2871
0.1160 -0.0623
-0.2106 -0.1019
-0.2055 0.0657
-0.2171 0.0945
-0.2769 0.1285
-0.1435 0.1693
0.0328 -0.1484
-0.2310 0.1424
0.0919 0.1021
-0.0361 -0.0420
0.2010 -0.0934
-0.1116 0.0836
0.2963 -0.1480
0.0445 0.1203
-0.1064 0.1159
0.0186 -0.2408
-0.1083 -0.2473
-0.1676 -0.0164
-0.4370 0.3108
-0.0873 -0.1605
-0.0549 -0.0542
0.4514 -0.1673
-0.0504 -0.1128
0.4200 -0.3308
0.2037 0.0655
-0.0635 0.0427
0.1675 -0.0482
0.0748 0.0128
-0.3634 0.1694
-0.0135 -0.1631
-0.4911 -0.6646
-0.2560 -0.0447
-0.0576 0.1313
0.3398 -0.0224
0.1826 -0.2181
-0.1022 0.1790
-0.0932 0.1906
-0.2237 -0.1167
0.1368 -0.2894
0.0039 -0.1259
-0.1706 -0.0641
0.0623 0.1282
-0.0172 0.2876
0.1559 -0.1751
-0.1005 -0.1445
0.1808 -0.1601
-0.1454 0.2239
-0.0184 -0.0984
-0.2443 0.1393
-0.2109 0.3054
-0.1729 0.0109
0.0400 -0.1662
0.0661 0.0509
0.1723 0.0848
-0.0394 0.1446
0.1049 0.1041
0.1098 0.0026
-0.1104 -0.1317
-0.1271 -0.0284
-0.1529 -0.0690
-0.1339 -0.0977
0.1187 0.2991
0.7789 -0.2410
-0.1360 -0.3334
-0.0824 -0.1136
0.2098 -0.1534
-0.1635 0.1219
-0.0990 0.0237
0.0259 0.2923
0.1795 -0.0139
-0.2427 -0.1444
-0.2136 -0.0015
-0.1814 -0.1163
-0.1180 0.2309
0.1589 -0.3262
-0.0496 0.0331
0.1105 0.0450
0.1437 0.1199
-0.0141 -0.0026
0.2908 -0.2375
0.0462 -0.1882
-0.0927 -0.0390
0.2003 0.1380
0.1273 0.1547
-0.0987 0.0206
0.1278 -0.1739
0.1949 -0.0485
0.2595 0.1934
-0.0522 0.0647
-0.1794 0.0748
0.0676 -0.1806
-0.0665 0.0574
0.0535 0.1092
0.2296 0.1287
0.3166 -0.1685
0.0294 0.3662
-0.1626 0.0213
-0.1350 0.1375
-0.0257 0.2730
-0.4980 0.1785
0.0485 0.0620
-0.0597 -0.1523
-0.0747 -0.0399
-0.1938 0.1798
0.1670 0.1260
-0.0465 -0.1472
0.1168 0.0213
-0.1104 0.2343
0.1520 -0.1264
-0.0182 0.0778
0.1747 0.0878
-0.2613 -0.1721
0.1155 0.1150
-0.1120 -0.2292
-0.0540 0.2971
-0.0915 0.0129
0.0182 -0.1209
0.1692 -0.1356
0.1448 -0.0946
-0.0138 -0.0282
0.0649 -0.2062
-0.0908 -0.2398
0.0216 0.0504
0.0879 0.0203
0.2287 -0.1018
-0.0243 -0.0701
-0.0277 -0.0502
-0.1595 0.0039
0.1142 -0.1458
-0.0747 0.2327
0.0063 0.2087
-0.0008 -0.0068
-0.1599 0.0927
0.1862 0.2883
0.0073 0.2502
0.2442 -0.2518
0.0000 0.0296
0.2139 -0.1711
-0.0724 0.2158
0.1864 0.0513
-0.1865 -0.1616
-0.2732 0.1983
0.0040 0.1448
-0.0860 0.1151
0.0009 -0.0970
0.0836 -0.0643
-0.0840 0.2724
-0.1912 0.1883
0.1465 -0.0492
0.0430 0.0709
0.1377 -0.1478
0.1889 -0.3186
0.0751 0.1334
0.0395 0.1464
0.0233 -0.1768
-0.1774 0.1769
0.2315 -0.1653
-0.1600 0.0288
-0.0439 -0.2095
0.1544 0.0601
-0.0596 -0.1168
-0.0075 -0.1039
0.0756 0.3166
-0.1106 -0.1129
-0.0595 -0.4876
-0.1411 0.2995
-0.2399 -0.0672
-0.3303 0.0988
0.0082 0.0723
0.6201 -0.1663
0.0050 -0.0429
0.1228 -0.1289
0.0960 -0.2293
0.3270 -0.0486
-0.0533 0.1687
0.2844 0.3476
0.0782 -0.2854
-0.0901 -0.0421
-0.0869 -0.0062
-0.4057 0.1956
-0.2065 -0.0901
0.0991 0.1165
-0.1910 -0.1319
-0.0862 0.2298
0.0344 -0.0955
0.1278 0.2036
-0.1725 -0.1736
0.1106 0.1742
-0.1130 0.0889
0.1372 0.0239
-0.2477 0.1303
0.1989 -0.0402
0.0682 0.1628
-0.1984 0.2366
-0.0243 -0.1150
-0.2550 0.0785
-0.1841 0.0387
0.3519 0.4245
-0.0113 0.0369
-0.0709 -0.0021
0.0061 0.0862
-0.0238 -0.0783
0.1725 0.1805
0.1032 0.1751
-0.2387 -0.1036
-0.0886 -0.1261
0.0694 -0.0824
-0.2594 0.0074
0.1291 0.2314
0.5547 0.1888
-0.0106 -0.0324
-0.0946 -0.0607
-0.0175 0.1191
-0.0340 0.2405
-0.2674 0.1664
-0.1076 0.2268
-0.2571 0.2328
-0.1639 -0.2847
0.2941 0.1680
0.0694 0.1529
0.2768 -0.2397
0.0354 0.0667
-0.0422 -0.1359
0.2139 0.3602
0.4037 -0.0904
0.0879 -0.2852
-0.0596 -0.4412
0.1205 0.0820
-0.1925 -0.0647
-0.0634 -0.1828
-0.1281 -0.0068
-0.0631 0.0211
0.0755 -0.0844
-0.3417 0.0279
0.7134 -0.5319
-0.1331 -0.0068
-0.0039 0.2386
0.1464 0.0375
-0.1480 -0.2234
-0.0275 -0.0204
0.1449 -0.2869
0.0919 0.1747
0.1114 -0.2535
-0.0393 0.0914
0.0450 -0.0487
-0.0497 -0.1182
-0.1621 -0.0100
0.0161 -0.0065
0.1626 -0.0874
-0.0750 -0.0485
0.2901 -0.0054
-0.1826 -0.0512
0.2233 -0.0084
0.1536 0.0488
0.0474 -0.2120
-0.0817 0.1773
-0.1925 0.4343
-0.0091 -0.2982
0.1080 -0.0771
-0.1963 -0.1640
-0.1787 0.1446
-0.0580 -0.0535
-0.1769 0.2262
-0.0253 -0.1325
0.0814 -0.1131
0.1000 -0.0403
-0.2993 -0.0622
0.3534 0.2759
-0.1282 -0.1503
-0.0834 -0.0888
-0.0851 -0.0143
0.1309 0.0008
0.1363 0.1930
0.1271 -0.0473
0.2678 0.0046
0.2619 0.0638
-0.0783 -0.0620
-0.1953 -0.0912
0.1727 -0.1311
0.0607 -0.1919
0.0396 -0.0057
0.1273 -0.0559
0.0925 0.0855
0.4318 -0.1238
0.1455 0.0072
-0.2039 -0.1228
-0.1480 -0.2019
-0.0397 -0.0600
-0.0055 0.1212
-0.1775 -0.1294
-0.3707 -0.1485
-0.1007 0.0223
-0.0157 -0.0869
-0.0029 -0.1250
0.0648 -0.0250
0.0311 0.0039
0.1746 -0.0110
-0.0949 -0.0260
0.0969 -0.2672
-0.0020 -0.2612
-0.2978 -0.0025
-0.3039 0.0490
-0.0768 0.0688
-0.0177 -0.1526
-0.0067 0.0502
-0.0587 0.0575
-0.0988 -0.0415
0.0614 0.1775
0.1075 -0.0330
0.0696 0.0207
-0.1717 0.1949
0.0965 -0.1171
-0.1115 -0.0249
0.3031 -0.0987
-0.2311 0.0244
0.1508 0.0568
0.1428 0.0686
-0.0900 -0.1076
0.1943 -0.0439
0.0829 0.0005
-0.2072 0.4491
-0.0850 0.1470
-0.0733 0.2026
0.1480 0.0756
-0.0457 -0.1560
-0.1241 0.1445
-0.0066 0.0373
-0.1210 0.1404
-0.4743 0.1326
-0.0602 0.1230
-0.0071 -0.0158
-0.2269 0.2411
0.1626 0.0325
0.1718 -0.1618
0.0965 0.0347
-0.0665 0.0605
0.1462 0.0039
-0.0457 0.1164
-0.1731 0.1937
0.0745 0.0291
0.1669 -0.0350
-0.0230 -0.1396
0.0938 0.0969
-0.0141 -0.0822
-0.1329 -0.1972
0.0905 -0.0075
-0.2367 0.1670
-0.1161 -0.1090
0.1120 -0.1631
-0.0155 -0.1097
-0.2000 -0.1938
0.0471 -0.0557
-0.1217 0.1426
-0.0349 0.3149
0.2129 -0.1211
0.0447 -0.1875
-0.0684 -0.1375
0.0611 -0.0195
0.2035 0.0661
-0.0356 0.0166
-0.0382 0.0037
0.2372 -0.0017
-0.0964 -0.0190
0.1027 -0.2207
-0.0777 -0.3839
0.1447 -0.1305
-0.3422 -0.0110
0.1019 -0.0147
-0.0133 -0.2006
0.0605 -0.2791
0.0549 -0.0899
-0.2861 0.0366
-0.1024 -0.0165
-0.1990 -0.1139
0.1868 -0.0264
-0.0067 -0.0887
-0.0076 0.0020
-0.0280 0.1433
-0.1301 0.0274
-0.1080 -0.0395
0.0737 0.1073
0.0446 -0.1731
-0.0613 -0.1470
-0.0514 -0.1066
0.0543 0.2043
-0.0081 0.0605
-0.1052 -0.1334
0.3245 -0.1252
0.0135 0.2020
-0.0517 -0.2862
0.1806 -0.1517
0.0531 0.0441
0.1547 0.2241
0.0471 -0.1538
0.2167 0.0481
0.0138 -0.1308
0.1068 -0.0252
-0.0236 0.0273
0.2438 -0.1339
0.2313 0.0190
-0.1336 -0.3600
-0.0788 -0.2957
0.1404 0.1043
0.0293 0.2707
0.0680 0.0177
0.1865 -0.1043
0.0509 0.1231
-0.1311 -0.0274
-0.1387 -0.1133
-0.2096 -0.1131
-0.1508 0.0230
-0.0808 -0.0857
-0.0540 0.0568
-0.1041 0.0856
0.0388 0.0825
-0.1322 -0.0513
-0.1854 0.0337
0.0078 0.1640
-0.1766 0.0207
0.2025 -0.1226
-0.0949 -0.0431
0.0327 -0.1819
-0.2618 0.0036
0.2092 0.2215
0.1205 0.1294
0.1637 -0.1497
-0.1431 0.1172
-0.0045 -0.1775
-0.1673 -0.0650
0.0725 -0.3602
0.1161 0.2210
-0.0504 -0.0523
0.0450 -0.1535
0.0278 0.0605
-0.1531 0.0460
0.3153 0.1541
0.2838 -0.1296
0.1826 0.0041
-0.0129 -0.0176
-0.0948 -0.0603
0.0201 0.2296
-0.2228 0.4696
0.2979 0.0518
0.0956 -0.1913
-0.2333 -0.0422
0.2827 -0.0129
0.1127 0.2680
-0.0377 -0.1965
-0.1859 0.2099
-0.0632 -0.0362
0.2201 0.2402
-0.1743 0.0678
0.0862 0.1516
0.1101 -0.1206
-0.1582 -0.0822
-0.2397 0.0187
-0.2215 -0.0596
0.2760 0.0881
0.1650 -0.1791
-0.1100 -0.1166
0.0483 -0.1697
0.1594 -0.1301
-0.0903 0.0856
0.1065 -0.0995
-0.0159 -0.4625
0.1333 -0.2543
0.0051 0.1706
-0.2318 -0.0006
-0.0443 -0.0316
0.2613 0.0741
0.0411 0.0368
-0.1629 -0.0203
0.1902 -0.2504
0.0033 -0.1001
-0.3856 -0.1765
-0.0816 0.1138
-0.1497 0.1279
0.0467 0.2104
-0.0658 0.3113
-0.1288 0.0727
-0.0854 0.0843
-0.0898 0.0042
-0.0991 -0.1057
0.0451 0.1334
-0.0131 -0.0235
0.1318 -0.1552
0.0474 -0.0758
-0.2841 0.0703
-0.0318 -0.1336
0.0115 -0.1071
-0.0096 -0.2452
-0.0143 -0.0563
-0.3293 -0.1096
0.1878 0.0479
-0.0040 -0.0654
-0.4253 -0.0773
-0.0703 0.1100
0.1427 0.0502
