-0.0021 -0.0026
-0.0146 -0.0071
0.0054 0.0027
-0.0043 -0.0005
0.0023 0.0034
0.0704 0.0988
0.0012 -0.0006
-0.0122 -0.0048
-0.0057 -0.0021
0.0002 -0.0006
-0.0002 0.0002
0.0086 -0.0043
-0.0028 0.0032
0.0016 0.0020
0.0051 -0.0036
-0.0045 0.0013
0.0011 -0.0021
-0.0023 -0.0012
0.0133 0.0197
0.0006 0.0001
0.0241 0.0312
0.0013 -0.0130
0.0084 -0.0020
0.0047 -0.0066
0.0002 0.0031
-0.0028 0.0129
-0.0002 0.0003
-0.0001 0.0007
-0.0029 0.0078
0.0026 -0.0018
0.0022 -0.0012
0.0000 0.0007
-0.0102 -0.0035
0.0002 0.0039
0.0061 -0.0092
-0.0295 0.0138
-0.0039 -0.0135
0.0039 0.0171
0.0007 0.0000
-0.0023 0.0003
0.0025 0.0050
-0.0014 0.0014
-0.0002 0.0050
-0.0067 0.0044
-0.0030 -0.0001
-0.0017 -0.0011
-0.0074 -0.0061
-0.0039 0.0060
0.0032 -0.0030
0.0083 -0.0003
0.0047 -0.0056
0.0060 0.0049
-0.0022 -0.0035
-0.0020 -0.0007
-0.0041 -0.0090
-0.0123 -0.0088
0.0983 0.0993
0.0157 -0.0219
0.0027 0.0005
0.0019 0.0023
-0.0032 -0.0074
-0.0023 0.0005
0.0122 -0.0054
-0.0112 -0.0059
0.0043 0.0015
-0.0017 0.0036
-0.0006 -0.0030
0.0002 0.0001
-0.0010 0.0005
0.0017 0.0021
-0.0112 -0.0045
0.0085 -0.0076
-0.0005 -0.0013
0.0026 -0.0024
-0.0046 -0.0026
-0.0057 0.0002
-0.0110 -0.0036
0.0044 0.0034
0.0029 0.0009
-0.0080 -0.0097
-0.0016 -0.0009
-0.0109 0.0042
0.0054 -0.0004
-0.0032 -0.0003
0.0021 -0.0023
0.0246 -0.0344
-0.0006 -0.0005
-0.0015 -0.0029
0.0001 0.0008
-0.0054 0.0016
0.0039 0.0133
-0.0088 -0.0119
0.0029 0.0066
0.0018 0.0037
-0.0021 0.0012
0.0129 0.0143
0.0005 -0.0069
0.0010 0.0037
0.0124 -0.0140
0.0057 -0.0030
-0.0012 -0.0026
-0.0001 0.0051
0.0031 0.0088
-0.0065 -0.0061
0.0023 -0.0060
0.0022 -0.0034
-0.0058 -0.0046
-0.0033 -0.0116
0.0241 -0.0164
0.0099 -0.0166
-0.0067 -0.0092
-0.0021 -0.0022
0.0018 0.0013
-0.0094 0.0030
-0.0042 0.0023
-0.0054 -0.0064
-0.0459 0.0632
0.0082 0.0049
0.1291 0.1831
-0.0020 -0.0029
-0.0012 0.0026
-0.0082 0.0072
0.0033 0.0035
0.0085 -0.0091
-0.0042 0.0020
0.0011 -0.0041
-0.0011 0.0007
-0.0104 0.0159
-0.0066 -0.0024
-0.0094 -0.0027
-0.0016 -0.0026
-0.0020 0.0064
0.0018 -0.0005
-0.0002 0.0009
0.0033 0.0023
0.0005 0.0007
-0.0013 0.0066
0.0031 0.0023
0.0001 -0.0001
0.0022 -0.0035
0.0004 -0.0026
0.0177 -0.0181
0.0020 0.0013
-0.0046 -0.0026
-0.1500 0.0988
-0.0030 -0.0027
0.0069 -0.0016
0.0036 0.0019
0.0011 -0.0071
0.0052 0.0021
-0.0095 0.0054
0.0012 -0.0149
-0.0023 0.0045
0.0017 0.0010
-0.0007 -0.0009
0.0046 -0.0085
-0.0040 -0.0061
0.0050 -0.0088
0.0010 -0.0009
0.0052 -0.0052
0.0013 0.0011
0.0031 -0.0017
-0.0155 -0.0025
0.0893 0.1223
-0.0036 -0.0036
0.0027 0.0033
-0.0000 0.0031
0.0011 0.0072
-0.0172 -0.0008
0.0008 -0.0013
-0.0075 -0.0037
-0.0020 -0.0016
-0.0001 0.0040
0.0013 -0.0062
-0.0242 -0.0046
0.0024 0.0014
0.0033 0.0024
0.0042 0.0015
-0.0022 0.0024
-0.0029 0.0014
-0.0001 0.0051
-0.0019 0.0006
0.0026 -0.0051
0.0063 0.0025
-0.1361 -0.1132
-0.0007 -0.0043
0.0030 -0.0028
-0.0008 0.0006
0.0110 0.0045
0.0013 0.0015
0.0066 -0.0031
-0.0042 -0.0044
0.0051 -0.0050
-0.0068 -0.0094
0.0061 -0.0061
0.0017 -0.0154
0.0099 -0.0088
-0.0043 -0.0021
0.0028 0.0104
0.0021 0.0017
-0.0009 -0.0005
-0.0085 0.0126
0.0089 0.0045
0.0006 -0.0008
0.0011 0.0134
0.0049 0.0064
-0.0050 -0.0114
0.0694 0.0996
-0.0003 0.0037
-0.0001 0.0054
-0.0010 0.0006
-0.0012 -0.0032
-0.0038 -0.0003
-0.0036 0.0018
-0.0013 -0.0008
0.0005 -0.0023
-0.0005 0.0006
0.0069 -0.0030
0.0633 0.0479
0.1359 -0.1810
0.0160 0.0033
0.0053 0.0035
-0.0037 0.0075
0.0022 -0.0021
0.0000 0.0000
0.0041 -0.0058
-0.0018 0.0016
-0.0012 -0.0024
-0.0087 0.0004
0.0073 0.0042
-0.0051 -0.0045
0.0035 0.0016
-0.0008 -0.0047
0.0094 0.0031
0.0058 0.0019
-0.0021 0.0012
0.0024 -0.0053
-0.0034 0.0014
0.0200 0.0239
0.0007 -0.0010
0.0031 0.0002
0.0119 -0.0125
0.0070 0.0027
0.0229 0.0440
0.0068 0.0019
0.0249 -0.0273
0.0048 -0.0050
-0.0131 -0.0090
-0.0046 -0.0031
-0.0023 -0.0078
0.0076 0.0043
-0.0046 0.0112
-0.0048 -0.0004
0.0040 0.0158
-0.0014 -0.0084
-0.0123 -0.0035
-0.0039 -0.0000
-0.0097 -0.0061
0.0015 0.0024
0.0382 0.0398
-0.0105 0.0196
0.0051 -0.0080
0.0093 0.0106
0.0081 0.0039
0.0031 -0.0064
0.0001 0.0001
0.0010 -0.0012
-0.0799 0.0861
0.0302 -0.0245
-0.0070 0.0071
-0.0020 0.0079
-0.0010 -0.0050
0.0069 0.0100
0.0004 -0.0004
0.0015 -0.0032
-0.0015 -0.0024
-0.0025 0.0032
0.0073 0.0022
-0.0006 0.0111
-0.0071 0.0082
-0.0145 0.0007
0.0129 -0.0187
0.0014 0.0008
-0.0035 -0.0038
-0.0122 -0.0069
-0.0042 0.0015
-0.0045 -0.0000
-0.0023 -0.0121
0.0014 0.0008
0.0061 0.0136
-0.0012 -0.0034
-0.0035 0.0076
-0.0031 -0.0026
0.0013 0.0030
0.0011 -0.0050
-0.0013 -0.0031
-0.0141 0.0065
-0.0010 -0.0012
-0.0008 -0.0108
-0.0029 0.0069
0.0083 -0.0044
0.0003 0.0029
0.0026 0.0020
0.0020 0.0002
-0.0051 -0.0001
0.0046 -0.0066
0.0027 0.0011
-0.0039 0.0017
-0.0158 -0.0113
0.0039 -0.0031
-0.0056 0.0017
0.0061 0.0179
0.0035 -0.0118
-0.0006 -0.0002
-0.0490 -0.0379
0.0049 -0.0041
-0.0043 0.0014
-0.0131 -0.0087
0.0089 0.0130
-0.0030 -0.0069
0.0023 0.0001
-0.0011 -0.0009
-0.0005 0.0007
0.0009 -0.0009
-0.0062 -0.0018
-0.0050 -0.0015
0.0084 0.0033
-0.0078 -0.0024
0.0092 -0.0020
-0.0044 0.0086
-0.0158 -0.0159
-0.0000 0.0011
0.0009 -0.0027
-0.0013 0.0048
-0.0026 0.0020
-0.0023 -0.0047
0.0005 -0.0046
0.0033 -0.0018
0.0082 -0.0040
-0.0028 -0.0005
-0.0025 0.0016
-0.0097 -0.0028
0.0000 0.0032
0.0000 0.0000
0.0137 0.0019
0.0028 0.0039
0.0045 -0.0010
-0.0064 0.0046
-0.0001 0.0033
-0.0008 -0.0033
0.0041 0.0041
0.0095 -0.0043
-0.0015 -0.0019
-0.0081 -0.0003
-0.0107 0.0074
-0.0029 0.0015
-0.0085 -0.0083
-0.0007 0.0006
-0.0002 0.0021
0.0092 -0.0014
0.0102 0.0032
-0.0125 -0.0060
0.0046 -0.0038
0.0042 0.0050
-0.0046 0.0015
-0.0029 -0.0106
-0.0038 -0.0020
0.0024 0.0086
-0.0007 -0.0090
0.0070 0.0010
-0.0045 -0.0009
-0.0023 -0.0035
-0.0086 -0.0026
0.0031 0.0038
0.0095 -0.0044
0.0004 -0.0044
-0.0011 0.0005
-0.0013 -0.0016
-0.0070 -0.0092
-0.0001 -0.0071
-0.0029 -0.0106
-0.0080 -0.0024
-0.0059 -0.0014
0.0087 -0.0092
0.0105 0.0044
0.0047 -0.0051
-0.0004 -0.0011
0.0040 -0.0002
0.0002 -0.0001
0.0032 0.0027
0.0004 -0.0077
0.0015 -0.0011
-0.0049 -0.0067
0.0025 0.0007
0.0011 0.0008
0.0319 0.0242
0.0037 0.0042
-0.0844 0.0851
0.0040 0.0001
-0.0054 0.0031
0.0050 -0.0039
0.0232 0.0039
0.0008 0.0007
-0.0027 0.0029
0.0032 -0.0028
-0.0040 0.0058
0.0038 0.0003
-0.0022 -0.0035
0.0005 -0.0005
-0.0127 -0.0139
-0.0061 0.0049
-0.0001 0.0025
-0.0004 0.0001
0.0011 -0.0055
-0.0082 0.0041
-0.0102 0.0069
-0.0083 0.0147
-0.0036 0.0031
0.0013 0.0202
-0.0000 0.0007
0.0004 -0.0049
0.0325 0.0697
0.0012 -0.0014
-0.0471 0.1022
-0.0010 -0.0014
0.0026 0.0012
-0.0023 0.0010
0.0047 -0.0030
-0.0011 -0.0017
0.0077 -0.0118
0.0021 0.0038
0.0007 0.0065
-0.1132 -0.0610
-0.0049 0.0036
0.0024 -0.0033
-0.0034 0.0050
-0.0068 -0.0100
-0.0003 0.0042
0.0004 -0.0004
-0.0011 -0.0017
0.0006 -0.0008
0.0004 0.0017
0.0063 0.0027
-0.0111 -0.0054
0.0014 0.0086
0.0028 -0.0070
-0.0014 0.0012
-0.0013 -0.0185
0.0082 0.0023
0.0030 -0.0019
0.0012 -0.0020
0.0053 0.0021
0.0052 -0.0062
0.0064 -0.0034
0.0029 -0.0056
-0.0014 -0.0033
-0.0038 -0.0038
-0.0200 0.0202
0.0003 0.0003
-0.0038 -0.0021
0.0068 0.0069
-0.0022 -0.0060
0.0027 -0.0033
0.0003 0.0054
-0.0033 -0.0102
-0.0005 -0.0056
-0.0060 -0.0003
0.0051 -0.0042
-0.0030 0.0000
-0.0001 0.0040
-0.0022 -0.0041
-0.0073 -0.0061
0.0047 -0.0005
0.1150 -0.1388
0.0124 -0.0138
-0.0050 -0.0064
-0.0042 -0.0003
-0.0038 -0.0000
0.0032 0.0011
-0.0011 -0.0011
0.0050 -0.0075
0.0065 0.0103
-0.0017 0.0019
-0.0002 0.0022
0.0015 -0.0013
0.1537 -0.1080
-0.0013 -0.0074
-0.0024 -0.0132
-0.0010 0.0017
-0.0018 0.0016
0.0027 -0.0089
0.0048 0.0074
-0.0054 -0.0036
-0.0086 0.0061
-0.0004 0.0088
0.0167 -0.0140
0.0084 -0.0020
0.0063 0.0077
-0.0008 -0.0016
-0.0023 0.0010
0.0140 0.0016
-0.0071 -0.0059
0.0055 -0.0063
0.0017 -0.0028
0.0180 -0.0363
-0.0030 0.0011
-0.0030 0.0059
-0.0021 -0.0057
-0.0001 -0.0020
0.0013 0.0008
-0.0040 -0.0007
0.0030 -0.0107
0.0100 -0.0068
0.0102 -0.0049
0.0001 0.0023
-0.0008 -0.0007
0.0063 0.0057
-0.0061 -0.0092
0.0109 -0.0189
-0.0020 -0.0031
0.0207 -0.0089
-0.0046 0.0097
0.0005 -0.0013
-0.0021 -0.0022
0.0005 -0.0012
-0.0029 -0.0020
-0.0007 -0.0023
-0.0042 0.0094
0.0032 0.0062
-0.0103 0.0074
-0.0050 -0.0042
-0.0040 0.0025
-0.0013 0.0011
-0.0029 -0.0028
0.0029 0.0062
-0.0005 0.0023
0.0014 -0.0050
0.0003 -0.0003
0.0019 0.0009
-0.0059 0.0018
-0.0015 -0.0075
0.0011 -0.0004
-0.0059 0.0030
0.0037 -0.0079
-0.0106 -0.0107
0.0023 0.0132
-0.0156 0.0082
0.0039 -0.0028
0.0978 -0.0697
-0.0073 -0.0061
-0.0090 -0.0128
0.0008 -0.0013
-0.0078 0.0133
0.0140 0.0001
-0.0085 0.0033
0.0037 -0.0032
0.0036 -0.0016
0.0244 0.0171
0.0006 -0.0030
-0.0096 -0.0016
-0.0085 0.0062
0.0002 0.0094
0.0013 0.0009
-0.0110 -0.0030
0.0007 -0.0008
-0.0007 -0.0009
0.0127 -0.0067
-0.0033 0.0067
-0.0024 -0.0021
0.0011 -0.0020
-0.0248 0.0251
0.0015 0.0015
-0.0082 0.0025
-0.0638 -0.0210
-0.0004 -0.0001
-0.0025 0.0247
0.0162 0.0039
-0.0058 -0.0051
-0.0036 -0.0049
-0.0014 -0.0013
-0.0036 0.0029
0.0015 0.0010
0.0069 0.0030
0.0922 -0.0707
-0.0379 0.0427
-0.0017 0.0004
-0.0012 0.0014
-0.0055 0.0043
0.0001 0.0007
0.0005 0.0082
0.0092 -0.0185
-0.0009 -0.0032
0.0012 -0.0021
-0.0040 0.0058
0.0002 0.0053
0.0073 0.0072
0.0002 -0.0003
-0.0018 -0.0016
0.0117 0.0087
-0.0148 0.0023
0.0100 -0.0054
-0.0008 -0.0110
0.0041 0.0028
-0.0082 -0.0043
-0.0032 -0.0054
-0.0071 0.0084
-0.0061 -0.0073
0.0047 0.0051
-0.0027 0.0032
-0.0010 0.0101
-0.0050 -0.0014
-0.0020 -0.0011
-0.0034 -0.0036
0.0002 -0.0012
0.0047 0.0091
-0.0050 -0.0064
-0.0023 0.0033
0.1623 -0.0690
0.0011 0.0004
0.0022 -0.0023
-0.0025 0.0065
0.0036 -0.0028
0.0060 0.0023
-0.0029 -0.0110
0.0003 0.0002
-0.0010 -0.0002
0.0026 -0.0074
0.0689 0.0220
-0.0010 -0.0007
0.0052 0.0039
-0.0016 0.0051
-0.0005 -0.0042
0.0064 0.0046
0.0326 0.0527
0.0002 -0.0002
0.0090 -0.0048
0.0028 0.0051
0.0030 0.0048
-0.0048 0.0009
-0.0081 -0.0094
0.0093 0.0042
0.0018 -0.0032
-0.0061 0.0011
-0.0037 0.0080
-0.0111 -0.0054
-0.0102 -0.0053
-0.0043 -0.0014
-0.0044 0.0042
0.0022 0.0029
-0.0072 0.0062
0.0000 -0.0000
0.0226 0.0433
-0.0024 0.0023
-0.0080 -0.0073
0.0027 -0.0046
0.0108 -0.0048
-0.0103 -0.0088
0.0035 -0.0081
0.0011 0.0053
0.0007 -0.0040
-0.0014 -0.0028
0.0064 0.0038
0.0022 -0.0020
0.0020 0.0077
-0.0118 -0.0037
0.0000 -0.0007
-0.0221 -0.0219
-0.0054 0.0009
0.0003 0.0011
-0.0038 0.0136
0.0058 -0.0049
0.0038 -0.0003
-0.0010 0.0034
0.0210 -0.0170
-0.0061 0.0005
-0.0001 0.0007
-0.0046 0.0073
-0.0018 0.0015
-0.0025 -0.0037
-0.0081 -0.0070
0.0023 -0.0020
-0.0046 0.0058
-0.0067 -0.0041
0.0000 0.0000
-0.0039 -0.0011
0.0022 0.0038
-0.0010 -0.0014
-0.0041 -0.0058
-0.1252 -0.0997
-0.0077 0.0019
0.0047 0.0091
0.0133 0.0096
0.0004 0.0039
-0.0013 -0.0062
0.0001 -0.0032
-0.0099 0.0188
-0.0044 -0.0016
-0.0039 -0.0026
0.0055 0.0049
0.1396 0.1016
-0.0056 -0.0028
0.0024 -0.0033
0.0024 0.0078
0.0008 0.0004
0.0040 -0.0001
-0.0004 0.0011
-0.0052 -0.0060
0.0015 0.0024
0.0032 0.0028
-0.0006 -0.0002
0.0071 0.0022
0.0094 -0.0094
-0.0055 0.0043
-0.0038 -0.0003
-0.0085 0.0002
0.0120 0.0183
0.0003 -0.0040
-0.0102 -0.0177
0.0000 -0.0008
0.0245 -0.0281
0.0015 -0.0020
0.0001 -0.0003
0.0061 0.0004
0.0245 0.0166
0.0043 -0.0006
0.0009 0.0182
0.0075 -0.0066
0.0018 0.0100
-0.0058 0.0014
-0.0036 0.0077
0.0017 -0.0051
0.0686 0.0434
0.0006 0.0001
-0.0431 0.0289
0.0020 0.0043
-0.0041 -0.0044
-0.0601 0.0891
0.0049 -0.0041
-0.0009 -0.0023
-0.0008 -0.0005
-0.0048 0.0052
-0.0003 -0.0000
-0.0103 0.0158
-0.0038 -0.0026
0.0018 -0.0062
0.0067 -0.0054
0.0023 0.0078
0.0036 -0.0102
-0.0103 -0.0130
0.0057 -0.0185
-0.0074 -0.0002
0.0000 -0.0000
0.0021 -0.0000
0.0182 0.0085
-0.0044 0.0017
0.0048 0.0090
-0.0094 -0.0045
0.0021 0.0018
-0.0041 0.0022
0.0018 -0.0036
-0.0025 -0.0006
0.0043 -0.0102
-0.0167 -0.0053
0.0114 0.0074
0.0049 -0.0026
-0.0059 -0.0124
0.0008 0.0005
0.0033 -0.0027
0.0025 -0.0081
-0.0079 -0.0058
0.0006 0.0008
-0.0022 0.0070
-0.0108 0.0153
0.0041 0.0022
-0.0014 -0.0093
0.0004 0.0012
0.0436 0.0711
0.0169 0.0142
0.0011 -0.0028
0.0017 -0.0017
-0.0011 0.0009
-0.0003 0.0002
-0.0074 -0.0065
-0.0041 0.0047
-0.0069 0.0085
-0.0133 0.0043
0.0025 -0.0016
0.0080 -0.0113
-0.0082 -0.0039
0.0062 -0.0012
-0.0148 0.0079
-0.0125 -0.0037
0.0001 0.0041
0.0001 0.0040
0.0193 -0.0086
0.0049 0.0102
-0.0022 -0.0085
-0.0048 -0.0090
-0.0003 -0.0027
-0.0058 0.0041
-0.0021 -0.0008
-0.0018 -0.0047
0.0034 -0.0037
0.0024 -0.0005
0.0021 0.0052
-0.0050 -0.0048
0.0029 -0.0014
-0.0095 0.0019
0.0008 0.0047
0.0001 -0.0020
0.0056 -0.0040
-0.0007 -0.0157
-0.0001 0.0007
0.0038 -0.0016
0.0003 -0.0040
-0.0038 0.0019
-0.0038 0.0073
0.0016 0.0013
-0.0034 0.0028
0.0020 -0.0029
-0.0005 0.0065
-0.0132 -0.0082
0.0036 0.0078
-0.0032 -0.0073
-0.0056 -0.0046
-0.0024 0.0084
-0.0014 0.0194
0.0079 0.0045
-0.0064 -0.0067
0.0017 0.0033
0.0357 0.0254
0.0043 0.0042
-0.0011 -0.0037
-0.0117 0.0022
0.0003 -0.0040
0.0054 -0.0048
0.0033 -0.0055
-0.0005 -0.0064
0.0031 0.0010
-0.0038 -0.0079
-0.0144 0.0043
-0.0042 0.0038
0.0010 0.0004
-0.0046 -0.0026
-0.0035 -0.0033
0.0112 -0.0111
-0.0026 0.0018
-0.0034 -0.0022
0.0103 0.0044
0.0027 0.0033
0.0199 0.0087
0.0075 0.0018
0.0022 -0.0035
0.0025 0.0009
0.1005 -0.0868
0.0038 -0.0001
0.0041 0.0022
-0.0051 -0.0040
-0.0071 0.0146
-0.0009 -0.0005
0.0024 -0.0013
-0.0117 -0.0011
-0.0059 -0.0051
-0.0021 0.0024
-0.0007 -0.0028
-0.0005 -0.0006
0.0022 0.0015
0.0009 -0.0011
-0.0011 0.0013
-0.0070 -0.0006
0.0004 0.0013
0.0012 0.0018
0.0020 0.0068
0.0023 0.0001
-0.0011 0.0017
-0.0004 0.0011
0.0029 0.0133
0.0002 -0.0002
0.0069 -0.0110
0.0039 -0.0042
-0.0064 0.0062
-0.0012 -0.0032
0.0061 0.0074
-0.0072 0.0074
-0.0041 0.0044
-0.0002 -0.0015
-0.0259 0.0289
-0.0013 -0.0023
0.0020 0.0015
0.0000 0.0000
-0.0067 0.0080
0.0052 -0.0050
-0.0014 0.0073
0.0051 -0.0026
-0.0059 -0.0017
0.0026 0.0012
0.0061 0.0032
-0.0037 0.0018
-0.0017 -0.0025
0.0000 0.0000
0.0073 -0.0074
0.0027 0.0064
-0.0034 0.0069
0.0022 0.0017
0.0050 -0.0079
-0.0064 0.0074
0.0134 0.0135
0.0042 -0.0023
0.0032 -0.0048
0.0125 -0.0121
0.0016 0.0069
0.0067 0.0004
0.0026 -0.0011
0.0014 -0.0032
0.0318 0.0048
0.0005 -0.0035
-0.0029 -0.0011
0.0007 0.0005
-0.0130 -0.0019
-0.0107 0.0079
0.0003 0.0021
0.0022 -0.0035
-0.0702 -0.0648
-0.0021 0.0016
-0.0023 0.0014
-0.0023 0.0020
-0.0007 0.0003
-0.0486 -0.0429
-0.0046 -0.0064
0.0017 0.0051
0.0082 0.0185
-0.0020 0.0022
0.0041 0.0034
-0.0012 0.0000
0.0027 -0.0075
0.0038 -0.0026
0.0001 0.0001
0.0009 -0.0048
-0.0011 -0.0000
0.0001 0.0025
0.0069 0.0030
-0.0070 0.0049
-0.0016 -0.0012
-0.0013 -0.0015
-0.0032 -0.0029
0.0031 0.0002
0.0055 -0.0047
-0.0002 -0.0002
0.0067 -0.0039
0.0034 -0.0050
0.0080 0.0089
-0.0013 -0.0004
0.0013 -0.0000
0.0049 0.0021
0.0003 0.0008
-0.0006 -0.0082
0.0007 0.0007
-0.0015 0.0024
0.0018 -0.0111
-0.0039 -0.0011
0.0002 -0.0005
-0.0033 0.0001
0.3062 -0.1941
-0.0035 -0.0008
-0.0004 0.0005
-0.0107 0.0019
0.0118 -0.0012
0.0050 0.0007
0.0011 -0.0000
-0.0131 0.0055
0.0103 -0.0166
0.0000 -0.0000
0.0082 0.0028
0.0034 -0.0038
0.0010 -0.0012
-0.0043 0.0023
-0.0034 0.0019
-0.0034 0.0100
-0.0138 -0.0100
0.0106 -0.0029
-0.0064 -0.0018
0.0005 0.0004
0.0022 -0.0035
-0.0062 -0.0018
-0.0091 0.0071
-0.0054 -0.0068
0.0068 0.0084
-0.0207 0.0046
-0.0014 -0.0012
0.0065 0.0010
0.0008 0.0006
-0.0001 0.0008
-0.0022 -0.0035
-0.0033 0.0001
0.0111 0.0030
-0.0037 -0.0028
-0.0024 -0.0065
