0.0493 -0.0239
-0.1349 0.3660
0.0722 -0.0202
0.1595 0.2480
0.2389 -0.0464
-0.6756 0.5749
-0.0541 -0.1603
-0.1460 -0.0136
0.2581 -0.0735
0.3208 -0.2523
0.3000 -0.3745
-0.1452 -0.2830
0.0667 -0.1103
-0.1423 -0.2568
-0.0081 -0.2513
-0.1568 0.2811
0.1161 -0.2623
-0.5349 0.2564
0.1223 -0.0343
-0.4304 0.1177
-0.2716 0.4125
-0.2310 0.0212
-0.0301 -0.1191
-0.0933 -0.1749
-0.3621 0.0186
-0.0967 -0.3077
0.1750 -0.0380
-0.2843 -0.1930
-0.4582 0.3420
0.0167 0.4061
-0.0744 -0.0555
0.2203 0.0931
0.0522 -0.1036
-0.2901 0.3643
-0.4556 0.0583
0.1131 0.0801
-0.1382 -0.0821
-0.1137 -0.5360
-0.0281 0.1663
0.0039 -0.1532
-0.2317 -0.1240
-0.2490 0.1591
-0.0468 -0.0177
-0.0991 0.1595
-0.0914 -0.2415
-0.0563 -0.2550
-0.0707 -0.3372
-0.2497 -0.5821
0.3918 -0.8253
-0.0800 0.1144
0.0517 0.1614
0.1375 -0.0576
0.0064 0.3637
0.1905 -0.0017
0.0347 0.2609
-0.1720 -0.0211
0.1268 0.0679
0.2686 0.0693
-0.1881 0.0688
0.0126 0.0660
0.2688 -0.1113
0.3350 -0.2759
0.2872 0.0927
0.2106 0.1617
0.0955 -0.0808
0.0659 -0.0125
0.1095 -0.5085
0.0459 -0.0446
-0.0837 -0.2066
0.2009 -0.0099
0.0790 -0.1385
-0.1407 -0.0785
0.7550 -0.2681
0.1702 -0.3590
0.1428 -0.1833
0.1076 -0.2403
0.0848 0.0816
0.2024 0.1004
0.0827 0.0420
0.0364 -0.1831
0.1078 -0.0080
-0.0975 -0.0971
0.0422 0.0693
-0.0440 -0.1267
0.1095 -0.0346
-0.4034 -0.0365
0.2044 0.2152
-0.2255 0.2407
0.2009 0.1736
-0.0818 -0.4376
0.1113 0.2502
-0.0417 0.0914
0.0035 -0.2403
-0.1486 0.0714
-0.2297 0.2035
-0.0419 0.3947
0.1938 -0.2919
0.2349 0.3971
0.3655 -0.2071
-0.4118 0.2031
0.3347 -0.0111
-0.1947 0.0841
0.3893 0.3085
0.1917 -0.3253
-0.0099 0.4234
-0.4997 0.2207
-0.1862 0.0328
-0.2578 0.1209
0.0726 -0.1014
-0.0243 -0.0409
-0.0913 0.1298
0.1225 0.1491
-0.2253 0.0813
-0.3413 0.1127
-0.0398 0.0806
0.1006 -0.3462
0.3848 -0.1112
-0.0757 -0.2193
0.2148 0.2671
-0.4293 0.1459
-0.2696 0.2221
0.2899 0.2963
0.0479 0.1658
-0.4234 -0.3519
0.2029 0.1604
-0.2061 -0.1216
-0.0659 0.2105
-0.0181 -0.1878
-0.0056 0.2978
0.0746 -0.3099
-0.1943 0.0273
-0.0284 -0.2996
-0.1107 -0.4330
-0.1768 -0.0163
-0.3418 0.0708
0.0396 0.0069
-0.2451 0.2550
-0.3082 -0.0050
0.3250 -0.3069
-0.1395 0.4945
-0.1512 -0.3108
0.1573 0.2735
-0.1207 0.0049
0.4694 0.5166
0.1287 0.1460
-0.1614 -0.3087
0.1929 0.1271
0.1557 -0.0074
0.0199 0.0293
-0.1775 0.2351
0.1969 0.3992
0.0333 0.2432
0.0184 0.0397
0.4374 0.1975
0.0086 -0.0441
0.2582 -0.0755
0.3534 -0.1739
0.3105 -0.1699
0.1094 0.2945
-0.1378 0.0452
-0.2804 0.4427
0.0657 0.1784
0.2806 0.6331
-0.0692 -0.1298
-0.1585 -0.0876
0.2712 -0.1782
-0.4002 -0.0640
0.0064 0.0045
0.1490 -0.0969
-0.1089 -0.1974
-0.0689 -0.1571
-0.0776 -0.3138
-0.2239 0.2760
0.1074 0.0932
-0.3458 -0.2389
0.0024 0.0123
-0.1192 -0.2052
-0.1819 0.1276
-0.0899 0.0474
-0.2967 0.0540
0.2765 0.0214
0.0365 -0.1498
-0.2813 0.2857
0.0124 0.0789
0.0673 -0.1819
-0.2229 -0.0773
-0.5178 -0.0142
0.0899 0.1382
0.1245 0.0186
0.1075 0.1736
-0.0952 0.4931
0.0085 -0.0623
-0.0064 0.0375
-0.2452 -0.2044
0.0268 -0.1160
0.4142 -0.0638
0.1136 0.4290
0.1081 0.1212
-0.0904 0.2568
-0.0179 0.4068
-0.1788 -0.0225
0.0603 -0.4731
-0.2305 0.2249
-0.0633 0.3289
0.2540 -0.2672
0.0114 0.2031
0.1509 0.1149
0.0200 0.2525
0.1512 -0.0424
0.0231 0.4500
0.5159 -0.0955
0.0503 -0.1429
0.1655 0.0660
0.2013 -0.0516
0.1704 0.0331
-0.1171 0.0966
0.0208 0.0047
-0.1708 0.0400
-0.1812 0.0381
-0.0307 -0.3058
0.4536 -0.2299
-0.4189 0.0569
0.0536 -0.1469
0.0398 -0.0354
-0.0579 0.1377
0.1156 -0.1720
-0.2027 -0.1057
-0.0511 0.3356
0.0825 0.0649
0.3594 0.2664
0.0476 0.0841
0.6090 0.0437
-0.1718 0.0728
0.2847 -0.2520
0.0887 0.2505
-0.1209 -0.0113
-0.2413 0.0631
0.2912 0.1521
0.4604 -0.0663
-0.3379 -0.0384
-0.6009 -0.1023
-0.0680 0.3079
0.4428 0.0390
0.2505 -0.3953
-0.0414 -0.1680
0.0962 -0.6109
0.0354 0.4475
0.2406 -0.0914
-0.0505 0.4045
0.0988 0.2674
-0.2993 0.3843
0.1070 -0.4061
-0.0580 -0.1153
-0.2588 -0.2052
-0.7039 -0.4566
-0.1248 0.2174
0.5120 -0.1007
0.1799 0.2928
0.1240 -0.3654
-0.9008 -0.1019
0.6369 -0.1080
0.0321 0.3176
-0.4011 -0.0204
0.2152 -0.3394
-0.1216 -0.1692
-0.0213 -0.0303
0.0057 -0.1701
-0.8906 0.4854
0.2612 -0.1493
-0.0476 0.2011
-0.0023 0.0679
-0.0027 0.2168
-0.0246 0.2099
0.0716 0.1783
-0.4294 -0.5005
-0.0196 -0.1880
-0.4367 -0.1530
-0.0092 -0.0335
0.2043 -0.3022
0.0737 0.0102
0.1498 0.1349
0.0944 -0.2452
0.1108 -0.1370
0.3814 -0.3787
-0.2802 0.1625
-0.2347 -0.0461
-0.0851 0.0738
0.0599 -0.0508
0.2404 0.2836
0.2168 -0.2565
0.3779 0.1336
0.1329 0.3949
-0.3846 0.3900
-0.0251 -0.0268
-0.2483 0.2357
-0.0531 0.0784
0.1143 0.2389
0.6437 -0.3976
-0.1972 -0.0993
0.0994 -0.0789
-0.3001 0.1169
0.0109 0.1600
0.0208 -0.2861
-0.0707 0.5368
-0.0760 0.3891
-0.0057 0.1703
0.1085 0.1524
-0.1227 0.2169
0.0613 0.1795
-0.5087 -0.3254
-0.3208 0.1399
0.0427 0.1900
0.0826 -0.0148
-0.0912 0.0930
0.1687 0.1479
0.0551 -0.0590
0.2385 -0.0633
-0.2624 0.3339
-0.0151 -0.2396
0.0399 -0.1211
-0.2038 -0.3175
-0.4152 0.2447
-0.0686 0.1821
0.0397 0.1724
-0.1217 0.2534
-0.0697 0.1383
0.1218 -0.3575
0.0229 -0.0330
-0.4679 -0.1439
-0.2691 -0.2739
-0.2104 0.2054
0.0913 -0.3386
-0.1093 0.2124
0.1228 -0.1099
0.1910 -0.5952
-0.1687 -0.0080
-0.0135 -0.0754
-0.2876 -0.2401
-0.0425 -0.0778
0.3093 -0.0461
-0.2244 -0.0292
-0.3211 -0.0657
0.0221 -0.1532
-0.2594 0.1908
0.4594 -0.2633
0.1127 -0.0090
-0.1326 0.1381
-0.2148 0.1683
0.0455 0.0594
0.0383 -0.0694
-0.2526 -0.0374
0.3278 -0.3662
-0.1765 -0.0401
0.2725 -0.2885
0.0413 0.0799
0.0205 0.0146
-0.4257 0.0992
0.2642 -0.0117
0.2309 -0.2998
0.2579 0.1992
0.3001 -0.1529
0.4099 -0.2417
0.0291 -0.1253
0.2070 -0.0450
0.1879 0.2393
-0.0319 -0.2277
-0.0061 0.2631
-0.0772 0.2181
-0.1117 -0.1801
0.0684 0.1629
-0.0460 -0.2287
0.0995 -0.1783
-0.2691 0.2400
-0.0556 -0.2082
-0.1328 0.4866
-0.3197 0.2205
0.1225 -0.1902
0.4161 -0.2625
0.0297 0.0182
-0.1356 0.1069
-0.1642 -0.3166
0.1507 0.1184
-0.0975 0.1590
-0.1973 0.1073
-0.0100 -0.2335
0.0387 -0.0462
0.0022 -0.0372
-0.0918 0.1293
-0.0182 -0.0749
0.1969 -0.0779
0.1452 -0.0834
0.1470 0.2521
-0.0335 -0.1699
-0.1554 -0.0406
