-0.2502 0.2691
-0.3047 -0.2884
0.0835 -0.0454
0.1395 -0.1365
0.0159 -0.1256
-0.3250 -0.2779
0.1837 0.1119
0.1941 -0.1024
-0.1782 -0.2504
-0.2596 0.1455
-0.2505 0.0723
0.1643 -0.2180
0.4540 0.1538
0.2432 0.1929
0.0572 -0.0283
-0.2763 0.1302
-0.1176 0.0685
0.1795 -0.2660
0.1708 0.0900
-0.0286 -0.4911
-0.0435 0.0857
0.1867 0.0064
-0.3388 -0.0994
0.0215 -0.1470
-0.3403 -0.3155
-0.2029 0.0770
-0.2623 0.0644
-0.0092 -0.3750
0.2466 0.0599
0.0964 0.0886
0.3157 0.1252
-0.1824 -0.1819
0.3203 0.0577
0.0534 -0.1788
0.0985 0.3246
-0.0959 0.2025
-0.0774 -0.0943
-0.1700 0.4003
0.3281 -0.1736
0.0822 0.0140
-0.0625 0.3253
-0.2470 -0.0540
-0.0212 0.0799
-0.1252 -0.0017
-0.0077 -0.2490
-0.0356 -0.0467
-0.2421 0.0520
-0.1225 -0.0197
-0.3769 0.1003
0.0880 0.1088
-0.1339 0.3845
-0.0287 -0.2261
0.0369 0.0787
0.0514 -0.0031
0.0644 0.0101
-0.0170 -0.0724
-0.1751 0.2982
0.3931 -0.4095
0.1757 -0.3745
-0.1573 -0.1716
0.3184 0.1093
0.0222 -0.1700
-0.2093 -0.0750
0.3695 0.0992
0.3428 -0.1466
-0.2798 -0.0427
-0.0252 0.0562
-0.1971 0.3621
-0.3026 -0.4358
-0.2006 -0.1247
0.0366 0.2927
-0.2592 0.0820
0.0052 0.0580
-0.0796 0.0430
-0.3911 0.2655
0.1217 0.2261
0.0545 -0.2585
-0.1367 -0.0589
-0.0491 0.0511
0.0323 -0.0469
0.2466 -0.2196
0.3495 0.3463
0.0979 -0.2092
0.1107 -0.2829
0.1316 -0.0180
0.1347 0.3835
-0.2586 0.2515
0.0824 0.2363
-0.1020 0.4051
-0.0371 -0.1947
-0.1531 0.0775
-0.1066 0.1188
0.2354 -0.4180
-0.1853 0.0185
-0.0685 0.0534
-0.0200 -0.0761
0.1779 -0.0367
-0.0444 0.0622
-0.0578 0.0467
0.3663 0.1180
0.1047 0.2886
0.2087 0.0285
0.1116 0.0841
0.2639 -0.1930
0.1977 -0.2763
0.1967 -0.3342
-0.0690 0.0034
0.0033 -0.2268
-0.0797 -0.0419
0.0584 -0.0384
0.0646 -0.1960
-0.0555 -0.4363
-0.1409 0.2141
-0.1781 -0.8255
0.0890 0.2487
0.5120 0.1585
0.3443 -0.1625
0.5677 -0.5367
0.0067 0.0573
0.0414 0.0802
0.1980 -0.2488
0.0171 -0.1699
-0.2055 -0.1109
-0.2630 -0.0615
-0.2471 0.4345
-0.1648 -0.1149
0.0032 -0.1306
0.0141 0.1270
-0.2234 0.1483
0.2285 0.0820
0.3105 0.0285
-0.1790 -0.0630
0.0444 0.2873
-0.6134 -0.0364
-0.0254 -0.0826
-0.0248 0.2746
0.2119 0.0889
-0.2536 -0.0535
-0.0420 -0.1503
0.2058 -0.0642
0.0295 0.1777
0.1053 0.0764
-0.0556 -0.1264
0.1165 -0.2704
0.0870 -0.0656
-0.1104 -0.0370
-0.1920 0.4432
-0.1694 -0.3576
0.0210 -0.3881
0.0077 -0.1069
-0.0196 0.2795
-0.0399 -0.0317
-0.0348 -0.1126
0.2171 0.0314
0.1256 -0.3325
0.0250 0.0665
0.0837 0.2008
0.0485 -0.3277
-0.4835 0.5162
0.0020 0.1224
-0.0299 0.1132
0.1232 -0.1395
0.1061 0.1784
-0.0077 -0.0997
-0.4342 -0.0738
-0.0583 0.0553
-0.0735 0.0950
-0.2394 -0.0744
0.2691 -0.1394
0.1074 -0.2037
-0.2251 -0.3045
0.3476 0.0200
0.0606 -0.1460
-0.0524 0.2490
-0.3301 -0.1746
0.1211 0.1536
-0.3545 0.2814
-0.1209 0.3574
-0.0767 0.1728
0.0400 0.0111
-0.0602 -0.2895
-0.1073 -0.1286
0.0037 -0.1280
-0.2843 0.2130
-0.1943 -0.2342
-0.0446 -0.0198
0.1317 -0.2729
0.0011 0.1681
-0.1259 -0.1087
-0.1154 0.3445
-0.1583 0.0852
0.0942 -0.2217
-0.0463 -0.1300
-0.0092 0.0411
0.0859 -0.3205
0.2060 -0.2699
0.1575 0.0668
0.1775 0.0298
0.2704 -0.0123
-0.2401 -0.0165
-0.1152 0.0403
0.0749 0.0412
-0.2735 -0.0282
0.1164 0.1614
-0.0448 0.2050
-0.0028 0.0401
-0.1999 -0.1137
-0.2969 0.0930
0.0500 0.5726
-0.0674 -0.1006
-0.2629 0.0515
-0.0115 0.2544
-0.2170 0.0828
0.0097 -0.0913
0.1167 -0.0854
-0.1458 0.3286
-0.2576 -0.1776
0.0854 -0.2161
-0.2010 0.0382
-0.1636 -0.1041
0.3263 0.1268
0.0589 -0.1932
0.1112 -0.0220
0.3138 0.0826
0.0232 -0.0823
-0.1777 -0.0164
-0.0870 -0.0938
-0.0358 0.2038
0.3238 -0.0084
0.0569 0.1315
-0.1322 0.0957
-0.0545 -0.0090
-0.2606 -0.0755
-0.1110 -0.0852
0.4338 -0.0498
-0.1642 0.1105
-0.0431 -0.2036
-0.1161 0.0604
-0.0830 -0.1803
-0.1237 0.1683
0.0194 -0.1067
0.3626 -0.4889
-0.0269 0.3587
-0.0632 -0.0929
0.0736 0.0115
-0.0258 0.3305
-0.1570 -0.2306
0.0826 0.2502
0.2039 0.2033
0.2609 0.2384
0.1610 -0.0733
0.0595 -0.1004
0.1079 -0.0173
0.2632 -0.2270
-0.3448 0.6857
-0.0413 -0.0620
0.0839 0.1897
-0.0489 0.0932
-0.0966 -0.0671
-0.1304 -0.1799
0.1194 0.1198
0.1017 0.2174
0.0538 -0.0781
0.3218 0.0209
0.1688 0.0498
0.1900 -0.1696
-0.0329 0.0400
0.1412 0.0736
-0.1113 0.4131
0.0006 0.2438
-0.2361 0.0586
-0.2043 -0.2669
0.0301 -0.1017
-0.3405 0.1659
0.4255 0.1644
-0.1622 0.0053
-0.1114 -0.3698
0.1012 -0.0772
0.1099 -0.2204
-0.3000 -0.4860
-0.1372 -0.1232
-0.1508 -0.1209
0.0936 -0.1474
0.4278 0.3875
-0.1209 -0.1062
0.1506 -0.2182
-0.0022 0.2692
-0.1194 -0.1907
-0.1840 -0.0115
-0.1593 0.1369
0.2980 0.1728
0.1311 -0.0612
-0.0250 -0.5177
-0.0253 -0.1785
-0.3786 -0.3009
0.0368 -0.2964
0.3964 -0.3422
-0.0258 0.0178
0.0065 -0.3345
-0.2082 0.1166
0.1449 -0.1345
0.0838 -0.2808
0.1707 0.0279
-0.0591 0.2256
0.1783 -0.1172
0.0898 0.1132
0.2907 0.3151
0.0218 -0.2310
-0.3065 -0.2201
-0.2397 -0.2159
0.2992 -0.0703
0.2624 -0.1382
-0.3620 0.3791
-0.3151 0.1923
0.1316 -0.0165
-0.0741 0.2617
-0.0645 0.1410
0.3000 -0.0039
-0.0125 -0.0481
-0.0191 -0.1538
0.0835 -0.2541
0.3203 0.2687
-0.2944 0.1554
-0.0807 -0.1898
0.2782 -0.0520
0.0892 -0.1362
0.2407 0.3952
0.0324 0.1310
-0.5838 0.1102
0.3975 0.2144
0.0876 0.0541
-0.1493 0.1021
-0.1874 -0.0205
0.0994 -0.0170
-0.0974 0.2712
-0.0735 0.1170
-0.0938 0.2312
-0.2035 -0.0466
-0.1106 0.1011
-0.3159 -0.1447
0.1729 -0.1034
0.0715 0.2182
0.1651 -0.2449
-0.1218 -0.0980
-0.0448 0.0602
-0.1467 0.1933
0.4011 -0.0993
0.1941 0.0229
0.2808 -0.5639
0.1450 -0.1073
-0.1584 0.0987
-0.2674 -0.0859
0.2927 -0.1173
-0.0955 -0.1456
-0.0297 0.2164
-0.1069 0.2639
-0.2278 0.0027
-0.0003 0.1809
0.0191 -0.2506
0.1556 0.1253
0.3116 -0.2044
-0.0881 0.3025
0.3437 -0.2613
0.0776 -0.1081
-0.0799 0.1752
-0.3514 -0.0462
-0.0253 -0.3798
0.1301 -0.2639
0.1276 -0.1845
0.1232 -0.1027
-0.0078 0.0893
0.3410 0.6076
0.2460 -0.2036
0.0267 -0.2557
-0.1336 -0.0538
0.0634 0.1149
-0.1097 0.3002
0.3331 0.0646
0.1012 -0.2720
0.0058 -0.4691
0.4544 -0.1780
0.2366 -0.0076
-0.0271 -0.0966
-0.1193 -0.1495
0.1482 -0.1369
0.2241 0.1117
0.1140 0.5691
-0.3470 0.2574
-0.0312 0.3669
0.0633 -0.3558
-0.0831 0.0718
-0.0274 -0.2904
-0.2143 0.0624
-0.0219 0.1770
-0.0338 -0.4288
-0.4038 -0.1550
-0.1637 -0.0560
-0.1560 -0.0395
0.0482 0.0023
-0.4355 0.0717
-0.0637 0.1818
-0.0442 0.1462
0.0722 0.0293
0.1330 -0.5249
0.0583 0.0404
0.0507 0.3111
-0.0555 -0.1898
0.1120 0.1348
0.0209 -0.0100
-0.1099 -0.1263
0.0221 0.0951
0.2163 0.0439
-0.2711 0.1668
-0.1890 -0.3489
-0.0590 -0.2928
0.2042 -0.2654
0.2050 -0.0290
0.0058 -0.4403
-0.0896 0.0575
-0.0876 0.1101
-0.1514 -0.0345
-0.1932 0.1548
0.2898 -0.1787
-0.0140 -0.2560
-0.2838 -0.1002
0.0578 -0.2209
0.2333 0.1643
-0.0359 0.2520
0.1815 0.4205
0.0367 -0.3497
-0.0911 -0.2201
0.3532 -0.1860
0.2671 -0.0405
0.0275 -0.0221
0.0525 0.1838
-0.3093 -0.1448
0.0192 -0.0643
0.2352 -0.6241
0.4891 0.1741
-0.2102 0.1249
-0.0799 0.0033
0.0037 -0.2352
-0.3642 0.2406
-0.0030 0.0028
-0.1111 -0.1092
0.1563 -0.5205
-0.1510 -0.2082
0.1645 -0.0191
0.0365 -0.6191
0.0525 -0.3763
0.0656 0.2479
0.4226 -0.5913
-0.2192 -0.0640
-0.1538 0.0630
0.0098 -0.3285
0.2938 0.4628
0.2513 0.2482
-0.2263 0.2503
-0.4279 -0.2079
-0.1604 -0.3745
0.2445 -0.0367
0.0479 -0.0727
0.1805 -0.0823
-0.3854 0.3263
0.2332 -0.0849
-0.0897 0.3518
-0.1401 -0.3917
0.1430 -0.1808
0.1230 -0.1364
-0.0602 0.0891
0.1323 0.1135
0.2318 0.0438
-0.1696 -0.0396
-0.2274 -0.1304
-0.1330 0.1245
-0.2116 0.1269
-0.0007 -0.2082
-0.0217 -0.0545
0.1316 0.2387
-0.0649 -0.0717
-0.3033 0.0311
-0.1601 -0.0161
-0.2659 -0.3224
-0.2240 -0.3922
-0.2049 0.0343
0.1404 -0.2104
-0.0388 -0.1728
-0.0163 -0.0810
-0.2467 -0.0228
-0.0803 0.0325
0.2983 -0.0242
-0.1168 0.1687
-0.2209 -0.1421
-0.0798 0.1081
0.2499 0.0387
0.1909 -0.2606
0.3935 0.0285
0.0275 0.1409
-0.2790 0.0244
0.1180 -0.0833
-0.1475 0.0507
0.2139 0.4623
0.2909 -0.1173
0.1582 0.2838
-0.2104 -0.0964
0.3738 0.3050
-0.0286 -0.3132
-0.2251 -0.0147
-0.1355 -0.0202
-0.1826 -0.2476
-0.2586 -0.0658
-0.2922 -0.2258
-0.1965 0.0864
-0.1864 -0.2240
0.2441 -0.1481
0.3108 0.0334
-0.2988 0.1321
0.5459 -0.0492
-0.1552 -0.2589
-0.0388 -0.2248
-0.2928 0.1494
0.0373 -0.2136
-0.0386 0.1824
0.1315 0.1872
-0.0115 0.2012
-0.2775 0.1927
0.0552 0.0213
-0.0107 0.3288
0.3915 -0.1795
-0.0549 -0.2404
-0.0478 -0.0480
-0.0044 0.2465
0.2836 -0.0583
-0.0401 -0.3135
0.2238 0.2490
0.3012 -0.0469
-0.1332 -0.1611
-0.1552 0.0914
0.1149 -0.1429
-0.0609 -0.1561
0.0505 -0.3154
0.0859 0.0286
-0.2080 0.2799
0.1734 -0.2213
0.0437 0.1488
-0.0300 0.0931
0.1321 -0.0026
-0.0342 0.1906
-0.1457 0.0125
0.0202 -0.1851
0.0062 -0.0894
-0.1503 0.3389
-0.0483 0.0635
-0.2766 -0.1302
-0.2131 -0.0804
-0.2597 0.1359
0.2672 0.2783
0.2256 -0.0562
-0.1994 -0.5180
0.0259 -0.3642
-0.2720 0.2432
0.0184 0.0955
0.1466 -0.0103
-0.1737 -0.0310
-0.0765 0.2213
0.1224 0.1952
-0.2331 -0.0983
0.4279 0.1814
-0.1594 -0.0433
-0.0258 0.2288
0.1614 -0.2065
0.0694 -0.1929
0.0818 -0.2784
0.0766 0.0946
0.0433 0.2718
-0.4456 -0.0210
-0.0891 0.2295
-0.0520 0.0158
0.0439 -0.0550
0.2158 0.3310
-0.2459 -0.0296
0.1555 -0.0495
-0.1546 0.1364
