0.1282 0.4361
-0.1069 -0.1812
-0.0880 0.0875
-0.3889 0.5063
-0.1324 -0.1173
0.2509 0.0806
-0.0274 0.0967
0.3741 -0.7705
0.2159 -0.5414
-0.0402 0.1642
-0.2384 -0.3426
0.3427 0.4313
0.2205 0.2402
0.4967 0.4224
-0.4955 0.3987
-0.3901 0.1843
0.0184 -0.0403
0.2609 0.2240
0.4630 0.4011
0.3234 -0.0749
-0.5756 -0.0585
0.3475 -0.2727
-0.0356 -0.1501
-0.0969 -0.0634
-0.2540 0.2410
0.1794 -0.2878
-0.1163 -0.2588
0.0283 0.2374
-0.6437 -0.0104
0.2705 -0.1549
-0.0108 -0.1976
0.3754 -0.2754
0.0858 -0.1914
-0.0506 0.4412
0.0065 0.3256
-0.2525 0.0194
0.1322 0.3628
-0.0062 -0.5177
-0.2836 -0.0881
0.1050 -0.3416
0.1086 0.2188
0.1714 -0.1444
0.0077 -0.3944
0.1209 0.4699
0.1349 0.2108
-0.0360 -0.2046
0.2244 -0.0523
-0.0588 -0.2921
0.0655 -0.4503
0.3068 0.4246
-0.1494 0.0619
0.0347 -0.4957
-0.2727 0.0233
-0.1135 0.2686
0.0535 -0.6031
0.4311 0.1603
-0.2200 -0.1136
0.3603 -0.2821
0.5946 -0.4455
-0.1446 0.4518
-0.1068 -0.2401
0.1823 0.3609
-0.0836 -0.0697
0.1486 -0.3021
0.6267 -0.1709
0.0174 0.4047
-0.2027 -0.3491
0.7821 -0.4204
