-0.3564 0.1511
-0.4829 -0.4161
-0.2614 -0.1469
0.4458 -0.4074
0.2036 0.2120
0.2835 -0.4212
0.1694 -0.1166
-0.1095 -0.0526
0.3849 -0.3095
0.2481 0.0399
0.0580 -0.1710
0.2122 -0.2534
-0.2742 -0.6575
0.0324 0.2374
0.0760 0.3544
-0.2497 0.0248
0.2831 0.4036
-0.6803 0.2356
-0.0270 -0.3052
-0.1937 0.0825
-0.3569 -0.1283
-0.3794 0.2435
-0.0023 0.0794
0.0068 0.1917
-0.0667 0.1740
0.1432 0.1539
-0.0953 -0.1453
-0.4351 -0.0589
-0.5348 -0.0600
-0.0662 -0.2940
0.2226 -0.0927
-0.0755 0.0448
0.2769 -0.0021
0.4110 0.9834
-0.0501 -0.1945
0.0803 -0.0831
0.4542 0.6499
0.2482 0.1178
-0.1156 0.1082
-0.1319 0.1576
-0.1436 -0.0946
0.1084 -0.1339
0.2589 0.3559
-0.1239 -0.1145
0.2684 0.3036
0.0696 -0.3154
-0.0737 -0.1680
-0.1094 -0.0217
0.2210 0.1187
0.1771 0.0383
0.2702 -0.4434
-0.0522 0.0570
-0.0045 -0.1805
0.3604 -0.0537
-0.0801 -0.5181
-0.0835 -0.3948
0.2880 -0.2155
-0.4137 -0.0933
-0.0681 0.1991
-0.0215 0.1694
0.2776 0.3661
0.0001 0.0623
-0.3046 -0.0889
-0.0647 0.0536
-0.1381 -0.2538
-0.2782 -0.0451
0.3095 -0.1603
-0.2546 0.2701
-0.2948 0.3699
0.4590 0.3147
0.1140 -0.2905
0.1669 -0.1524
-0.3749 0.1346
0.3199 -0.2519
-0.4755 -0.0139
-0.2321 -0.0237
-0.4553 -0.0342
-0.0918 0.1220
0.0369 -0.3924
-0.2265 -0.0670
-0.0599 -0.0790
0.2231 -0.3279
0.1415 -0.0301
0.4238 -0.2251
-0.0760 -0.3280
0.1765 0.4948
0.1261 -0.0004
-0.0262 0.2892
-0.1747 0.3159
0.0222 0.0191
0.2100 -0.0528
0.3101 -0.2514
0.0097 0.0455
-0.2533 -0.2618
0.3433 -0.1596
-0.1037 0.1500
0.0696 -0.1663
0.1296 -0.1432
0.1100 0.2065
-0.4641 -0.1583
-0.1131 -0.2550
0.3209 0.1104
0.1334 -0.2367
-0.2342 -0.0609
0.1002 -0.0132
0.0836 -0.1027
0.1085 0.1110
0.0611 -0.1514
-0.0342 -0.0192
-0.1615 -0.2323
0.0669 0.4272
0.9190 -0.0007
0.0313 0.0307
0.3292 -0.1875
-0.3081 -0.1500
-0.1209 0.2923
0.0349 -0.3447
-0.0609 -0.0616
0.1884 0.0970
-0.0030 -0.1011
0.2681 0.1958
0.1563 0.0439
0.0912 -0.1161
0.4510 0.2803
0.0917 0.2751
-0.3308 -0.7211
-0.1295 0.3374
-0.1758 0.4081
-0.5316 0.1553
0.1062 0.2650
-0.1153 0.2909
-0.1520 -0.2927
-0.0981 -0.0212
0.0584 0.0257
-0.0501 -0.0576
0.0167 -0.0691
-0.1626 -0.1043
0.0830 -0.5363
0.2197 0.2988
0.1441 -0.2970
-0.2137 -0.0920
-0.2611 -0.2297
0.2644 0.1636
0.4714 -0.3529
-0.5061 0.1541
-0.2432 -0.7604
0.2437 -0.0549
-0.9491 0.3662
-0.0874 -0.3959
0.1676 -0.1827
-0.1889 0.2297
-0.0366 0.0773
-0.2175 -0.2380
-0.0376 0.2013
0.0339 -0.1893
-0.1228 -0.1070
-0.2696 0.0419
-0.0329 -0.1882
0.0366 -0.1011
-0.3964 -0.0188
0.0253 0.1630
0.5088 0.0758
-0.0724 -0.0226
-0.0423 -0.1163
-0.2975 0.4160
-0.4463 -0.4486
-0.4393 0.3140
-0.5751 0.0046
-0.0401 0.0953
0.1395 -0.0368
0.2444 -0.1030
-0.1138 -0.0185
0.1086 -0.0235
0.2566 0.4770
0.0244 0.3107
-0.1633 -0.1272
-0.0857 0.0633
0.2613 0.0733
-0.0609 -0.2237
-0.4049 -0.1868
0.0748 0.1172
-0.0950 0.3104
-0.1624 -0.1962
-0.0465 0.1463
0.5729 0.2715
-0.0055 -0.1444
-0.0885 0.0488
0.3883 -0.1950
0.0311 0.0371
0.0144 -0.2915
0.0819 0.2032
-0.2159 -0.5804
-0.6132 -0.0473
-0.3780 0.0200
-0.2425 -0.0022
-0.3732 0.2968
-0.1053 0.1879
0.1633 -0.0277
-0.2087 -0.1895
-0.2987 -0.0727
0.6700 0.0908
-0.3028 -0.0326
-0.0358 -0.0958
0.0827 -0.0136
-0.2289 -0.2507
-0.2715 -0.0480
-0.0206 -0.0366
0.0903 0.0962
0.0658 0.3845
0.5832 0.4680
0.3002 -0.1160
0.3315 -0.0855
0.2921 0.1360
0.2095 -0.8347
0.0762 -0.0051
-0.3176 -0.0081
